Alpha,Beta,Theta
0.06678586771018982,-0.038435132898653704,-0.11055904013433698
-0.03470618866292624,0.04223067627897336,0.09428216350057168
-0.054530814106493644,-0.03977862612913949,-0.12204676835750743
0.05601067967016602,0.01981629684161594,0.113357953240133
-0.012029616487500587,-0.01360980119897938,-0.11824831268495942
-0.028782794904192343,0.006883466680596006,0.03434244698647177
0.028405476948162346,-0.030203318296209182,0.04338030708071015
0.03469566707739601,0.028998193697167777,0.09874268967408867
-0.05485152475170804,0.007935166005478571,-0.0339767605086324
0.029717861926098568,0.004643158314450062,-0.048616842347205314
-0.043730013568350816,-0.02926034679218468,-0.022932621385287885
0.040279623322773295,0.012208083036958417,0.051684915526259874
-0.04483973973269026,-0.012178161755833923,0.024169373831471868
0.04257886747144122,0.020888716030607938,0.025690894765426485
-0.015540919022094868,-0.015887978681205422,-0.05644378422883384
-0.015756163495592942,0.02754893256244184,-0.09460856127580593
0.030096903188310698,-0.01517502829388901,0.1250358259677562
-0.021920629473642813,0.0012610173795810197,-0.03936767270337161
-0.030140185582642986,-0.010939563217030823,0.03135824510424458
0.046466213084063186,0.012475495626245258,-0.044768788052172236
-0.0379233802268579,-0.01615826395881239,0.048264137184853395
-0.07230733377530708,0.00978023433970293,0.038154009318507556
0.12934736475504635,0.011361907483501028,-0.1308091013849601
-0.023255617475264865,0.03713207045164439,0.035408226565605994
-0.009096226826147826,-0.045545018213986495,0.04612764756134979
-0.07067818097648414,-0.03904493399185241,-0.0677903850253378
0.07984324577757668,0.05388985402347103,0.07161332050630445
-0.019931001532373985,-0.008664325485341884,-0.08354374986847705
-0.008524292497983357,-0.0070002673049443095,0.14257748083553942
-0.020113962819469863,-0.000686807463693766,-0.1360811130373772
0.04666219595783636,-0.007418602642402803,0.0005800064544852113
-0.05340601285799715,0.000226698957478213,-0.1481658292781602
0.029207735557647784,0.016528336903281406,0.22805246905959847
0.03185882948235779,-0.023082490720824852,-0.04777616187291799
0.009926504916750022,-0.009731835899207715,0.007734010109403702
0.008013393718030733,0.01305076555973999,-0.00966543583308109
-0.02713550440433192,-0.010369091571696938,0.14676260366131247
-0.0209316462220053,0.022120256988085174,-0.2076600455930343
0.016401248339398707,-0.016222604862801512,0.1423059778945628
0.03557330527838505,-0.03244248813477682,-0.008862889687052516
-0.039574163240987364,0.012334921651488927,-0.01037122648638972
0.01070915226455076,0.05799838386270597,0.07031679532507408
0.036025151407431524,-0.020690035562578687,-0.08494673666832696
-0.022960960577783403,-0.002476449899146793,-0.058691482100427635
-0.0035751268836453852,-0.03197423036833314,-0.0840778101726613
-0.007215079908447097,0.08391536487813582,0.18979012333576611
0.010753675311749747,-0.030765191295375374,-0.09233360888751038
-0.021437125419157696,-0.05555611131303431,0.09749440299714429
-0.024809791900700314,0.09580432077612219,-0.1984132845444051
0.022707053473233117,-0.05245687344282533,0.07405692263221898
0.0009353578663756545,-0.01686629041596136,0.010967517637390704
-0.019677329657716573,0.020820872167615478,-0.058389239192821914
0.0066123511880342885,-0.010570679542991518,0.24028239044226055
-0.000662541860741932,-0.017915121742610864,-0.17915754959948643
0.0070695581690920365,0.023266719361016115,-0.08184650540256985
-0.025374609460486947,0.031072160678938872,0.10309572001858011
0.041894035791922996,-0.04157141329742624,-0.05651643999270515
0.006263307643011879,0.0040246638381565706,0.16181811933857396
-0.013917562207096352,0.021331038585876955,-0.07394135337883863
0.007998197571326303,-0.017304192570855435,-0.07142677504691919
-0.004820309791214541,0.019343432029936415,0.08042512847060468
0.02383440280911485,-0.01345715767965955,-0.002192659849684535
-0.0006831828776303894,-0.003453779032907338,-0.05138409286082091
0.06395142042246203,-0.026928422922128138,0.06340407844347638
-0.07808519051865116,0.023178984487669325,0.051736411150203665
0.01321792194151453,-0.005509080096449068,-0.0477924056454084
-0.061369648030428874,0.0006888573340724413,0.15685151001449668
0.041272785458257744,0.004385502585287413,-0.21685799757680102
-0.004921281491158131,0.05341369571206282,0.2515848523094554
0.022758940201551173,-0.039768384118026676,-0.2505750072137464
0.009565987822696975,-0.00903995162052662,0.12997691537414854
-0.05166060020102248,-0.014372643161564032,-0.10195290941595025
-0.043249446124314056,0.023012067382116176,-0.02563656834007392
0.06697327845053216,-0.01512473546846878,0.05718714950231796
0.0012679004284734962,-0.003342090080959692,-0.02711025508236853
-0.007946157990152285,0.021579180484779296,0.026718824135866247
0.016038320014994327,-0.03355334454554658,-0.06659274287203858
-1.8550443544044226e-05,0.0031675773637348747,0.02758833869695754
-0.025454220111776574,0.03689719442904406,0.06042329821924093
0.025108751711856222,-0.017542143472036545,-0.028133254608089225
0.005839614832785063,0.01223829833072828,-0.033011129347007825
-0.02418203767408724,-0.002009269278067727,-0.05086275880136657
0.01047134147297906,-0.02325892927430781,0.012039429363578708
0.01938738309952905,0.025813117013008258,0.16216144011665234
-0.028070514935599346,-0.011542449016952347,-0.17862567292156784
-0.1087460795779678,0.03155775428055254,0.22075203719151176
0.12753823290361677,-0.026362687078376155,-0.1456190745269242
-0.030843854388945467,-0.00965792221894077,-0.021712705757039163
0.018665859920417624,-0.020074481423209205,-0.034333472069835544
0.013843269994365946,0.01598526123067849,-0.022807841287176417
0.0016821306105713417,-0.02142139781805217,0.028042516459386456
-0.0031331744685839237,0.025215377771714245,0.06010158230546555
0.017525427301373287,-0.013684012611422807,0.006565875830549413
-0.011376943393262434,-0.0066476706521247705,-0.06516463172757436
-0.027819778876575985,0.016479656447904098,0.09373507721807967
-0.019235629088954712,0.00258462966576956,-0.046267315112117194
0.0775827271837627,-0.007847049268223891,-0.030046785915817505
-0.06629078598751757,0.016240368342749063,0.0687569246945633
0.01375421950181182,0.004651477026921516,-0.13285875171598568
0.047938858011204906,-0.04793715654652249,0.09881067914875917
-0.07783358533484024,0.030098103025999842,0.00921744518735958
0.06426374383084772,-0.007979580972446882,-0.03517918844061461
-0.06084864104915029,0.0117007146358654,0.039746260676500764
0.036857490157931605,0.01519718206569566,-0.0348079538788501
0.014127098662261233,-0.015950438800745897,-0.008343579826029526
0.03559793810650543,-0.036379177558954506,-0.01927217732495091
-0.013194260756427507,0.03145132635143275,-0.05210850278869305
-0.07334405043176961,0.019968102010306677,-0.11466537154295364
0.08704316302006347,-0.03066622951635093,0.13050728532699515
-0.060109031431953924,0.024820528073351333,0.16848965753665535
0.0775927699924476,-0.023079766775090604,0.05761639546181382
-0.08571340838885905,0.015070186647351526,-0.2167717246419514
0.05967556898891934,0.02083225292070921,0.22028826907924695
0.04204897479966757,-0.034160891782702305,-0.1401604897612253
-0.09765224810379618,0.027579449519638706,-0.01892273206531839
0.040785041898549694,-0.01851410327474505,-0.07395695224584506
0.0023968851343214737,-0.0029567679509790914,0.09354289652968976
-0.018232318735061762,0.015248415970315685,0.017668112358593006
-0.02590716794607904,-0.011157130465317593,-0.021628671865860375
0.008796546361651423,0.0014235669373943694,0.09406706170197672
0.015921710146449046,-0.039233268659021936,0.019917246920994603
0.005882408306081381,0.04582929272744114,-0.13139347063354598
0.027363871007669332,-0.01757427597124571,0.04744765848391947
0.032840054394721846,0.010821259839880071,-0.043205298393897536
-0.10218851657732729,-0.0026050234556064212,0.1150225967462498
0.006114395209045878,0.004339982668776319,-0.051710518549673005
0.07612887635882898,-0.03121845819244543,-0.07327113157303661
-0.04434858336259534,0.03171455761630246,0.13354182632357503
-0.010607778118769989,-0.0030439415040133433,-0.06729350991670731
0.021103005488626186,0.0038710070535599426,0.010873863925947464
-0.001797431856312437,-0.010559268558839853,0.0443241480509004
-0.017275963119607118,0.029173042537011716,-0.10150280510029099
0.04212663465963786,-0.024642920145842916,-0.031913715938486395
-0.05461223545324961,-0.022266534846476976,0.10650516158758686
0.03761305868785526,0.015762722678618044,-0.006072013232444773
0.0020778555323468684,-0.0013740877579739496,0.012923488089147983
-0.01412011032254513,-0.020774103549643767,0.008557516139958879
-0.00485930298713086,0.03296506924579843,0.0018241427567179658
0.021116184525736856,-0.005115637881444308,0.012314964382650473
-0.0054535412077252885,-0.011211201058199052,-0.09461570007792776
0.001981603216494543,0.0004689703650337629,0.04029084478768814
-0.022422816291449713,0.008849956981457456,-0.026880820875002077
0.00033325335531931844,-0.009808312353305197,0.13634651632785766
0.005378819164158737,-0.009857098860937517,-0.04077705353191634
0.01280325444024263,0.0524136199451751,-0.07005797659550293
-0.014697422469248633,-0.010636635481020664,0.05248537657434575
0.02342654460067683,-0.03872196633522642,-0.21183978254117425
-0.018397680645139126,0.04521979513576114,0.1877498363707373
0.008985347066545307,-0.024381262914988683,-0.05184591712055494
0.013463879374678953,-0.0009096787204169621,0.07297540844623683
-0.06190045225323102,0.007508690032439069,-0.16680100941539078
-0.0039276360682471805,0.020887799897683957,0.17284810089454827
0.010816863672341342,-0.04348426385158193,-0.027403290682929047
0.020196511344737232,0.030163234987033345,0.009717902682277261
0.01869188881501305,-0.024657705553185298,-0.016617353614684287
-0.004203323027267584,-0.0015916400807024543,-0.015062026346709221
0.0084081335997557,3.27341655073532e-05,-0.06316060650210414
-0.013768664753601835,0.010231165550583557,0.0692489369071255
-0.03187455673724443,-0.02384326983433773,-0.0198086078759053
0.014947374056420281,0.005767402509168038,-0.053924094181871496
0.003916656477487242,0.015370474860688467,0.025389053697709992
0.050590643210689484,-0.00847648259984065,0.03306331528655995
0.001829133477487601,0.0271839072284458,0.027530452515107842
-0.0814656469220229,-0.008196826685031331,-0.04527684347234473
0.057162924541075404,0.019001998170939574,0.08456692248919698
-0.043213268356278006,-0.029284168758554968,-0.04400407731817853
0.012991119222217984,-0.028422219540531195,0.05648332194646187
0.00040779921141651963,0.012959937360360402,-0.052028616745741246
0.04521206064812677,0.018717084798855838,0.04126351611720432
-0.05463143936233125,-0.009985938058014242,-0.03825965971971103
0.04558065327247741,-0.006597729992589514,-0.02996595435492458
-0.050596457005519076,0.004076369908918362,-0.05968787378255765
0.010121255740447104,0.01973838026985811,0.24125554290604903
-0.02110770137365023,0.006680412541386947,-0.20803527920564657
0.08876957808833358,-0.02820135201233098,0.15514592052124768
-0.04008750983841141,0.004720902721821974,-0.13631833131798568
-0.014290890473972228,0.010079285081116805,0.14149606733706288
-0.0012732134266128002,-0.01985890677877947,-0.19710233122116144
0.020449096633920156,0.01772375540631804,0.10069499080557008
-0.032216808354595394,-0.004627727819401315,0.04522947759838603
0.018831749849759712,-0.004975387526149158,-0.0820255126353693
0.04850099906520348,0.02234134569238166,0.16589696769150464
-0.05656384700544141,-0.015615637007512203,-0.1596187150748655
0.010153239845949463,-0.02433666523349628,0.11739157371809139
0.006922338618086315,0.04422926336360284,-0.19482887619112876
-0.029333515011098103,-0.0053202534714543595,0.004446088530094083
0.04474083622736313,-0.010562946799664977,0.1702931929120433
-0.03202999459585629,0.027948681136803984,-0.11786926558143626
0.04693737877046591,-0.04007651254446507,0.025487975550258488
-0.041858756019858424,0.0047446544789510985,-0.004165941896759575
0.02520518579568271,0.023194323390655337,-0.01807433490614617
-0.005933973089458173,-0.028998947066182515,0.035813855782997686
-0.023072793257619118,0.003152916030618169,-0.009372210055899695
0.020785239811411005,0.01591323825862485,0.047949577161220065
-0.02668801297386595,0.010835247461970718,-0.08641288039156798
-0.0041072611972786666,-0.028798874003805017,-0.0361785448483187
0.050118643901841946,0.01672121310212465,0.07115617499266129
-0.0243687159521601,-0.01592432042619233,-0.07940189978387588
-0.026606268691261824,-0.00497241654178902,0.07049002495233413
0.006096051685557562,0.03063323345299308,0.008858607059793617
0.07888384544255927,0.0099140963412147,0.1593805744212139
-0.0535167423903488,-0.011756461193157607,-0.24407378812887232
-0.07543269546665204,-0.01755888965529751,0.08824022912880626
0.051743986304081044,0.02497235594431584,0.016298445959398694
0.04591067382321112,-0.028349909638241196,-0.14392110212847795
-0.007812560561933482,0.013395649369604041,0.07544020901260907
-0.035822415920539113,-0.01214713253882044,0.22190438104929128
0.029362923935267248,-0.0033784319172513477,-0.14425321889958656
-0.04320612471431723,0.026401298314692047,-0.01759024590116913
0.04004784701208355,0.013136291615605734,0.04177523154055278
-0.024181943699413067,-0.035914525627668115,-0.04188170741116845
0.007620720835009145,-0.007933593132580059,-0.01814420007554965
0.0020237616281214388,0.023221082752909288,-0.01315545030809039
0.018451365828490607,-0.007954245823016688,0.13287032322386272
-0.0808812787752264,-0.005525113747679349,-0.007383843632303985
0.05920377211296044,0.019411360134295598,-0.11451659954292857
0.003464366991479686,-0.03394989558257635,0.0345192095920568
-0.003968163519166179,0.019292799929565715,-0.007828263226766224
0.010724160681616968,0.035625613869236634,0.036939882472181954
-0.009688538187850392,-0.0384761944392233,-0.06661678400481474
-0.006410338208842808,-0.010122423436046973,0.12025431604425797
-0.0053838544489528675,-0.01564498523210249,-0.08611878712743906
-0.01852453492930133,0.009065408269394695,-0.03768156069456092
-0.004720540538858673,0.005206605059739555,-0.06738951694672841
-0.011887865481858268,0.01978299067926476,0.05866224929030153
-0.016230454053002382,-0.014737356608948815,0.025321440292598717
0.06530379530061456,0.012254829898100849,0.10696344739682961
0.022507079302643437,0.0038976048786648755,-0.053895176683753585
-0.013075313459335311,0.009768561093727009,-0.1612519190267775
-0.033364720266702265,-0.02472552958273978,0.04939945185413677
0.20640099010558333,0.011447060956866232,0.2583045361216845
-0.21301779148840183,0.0023045961913775947,-0.1474865739368402
0.005928982464993931,0.028310087498134368,0.01622060905350873
0.028636015653869466,-0.04733418192683405,-0.09254663026590901
0.0024563752507981286,-0.01688474763764134,-0.015113936768048413
0.0707790681669576,0.03739848687792926,0.14771010970238746
-0.04836052033213049,-0.017409687512382525,-0.1654267685384424
-0.035047780947390056,0.033046900978522004,0.1541566777704886
-0.007875773067702523,-0.016985968745424965,-0.04663199656975113
-0.013327995761445197,-0.029840233121439484,-0.042355765589933564
0.04671738444454641,-0.029827545232059487,-0.08582332835665556
0.027402094821175522,0.05556307485429901,-0.14335812108737736
-0.0718250135412844,-0.01007524644085156,0.2787973155668528
0.07231841514430494,-0.03033874325830592,0.00013987190183815558
-0.03379371281754154,0.0022666204521701516,-0.2286014001633193
0.005888590770308553,6.387563573440503e-05,0.1269540537848239
-0.010404207351360472,0.019760474755078264,-0.21119001437748117
-0.0023778491596605257,-0.0322343953412258,0.23756376503076665
-0.007706552521126846,-0.004190389966855212,-0.042611725483494706
0.013716488780606518,0.0030323528238292495,0.0716938796461611
0.006388974060883301,-0.02255967663067209,-0.04565305352056942
0.012535749206590473,0.025865086913141058,-0.09965666583182646
0.0017865800943004185,-0.018970097116441903,0.08478831072590935
-0.034312151666930434,0.03144264263304276,0.006078246477083482
0.01974700886120745,0.017079872115364304,-0.05794135104443554
-0.0062913127824729105,-0.05858482849547787,0.06519857895846919
-0.0021097531282755046,0.0387044664390878,-0.07178621844269532
-0.03349743836403164,-0.05213398699559141,0.11392524333812265
0.03331141064483558,0.033974288502893586,-0.041119381628354074
0.03895774697827656,0.0014873117408234426,-0.106610041249107
-0.048937599938409,0.06309637050796009,0.08873969382123603
0.040631659400665175,-0.08085953818689717,-0.030830339214885042
-0.08786788001815637,0.006034235319504475,0.20211622287373424
0.03947892770715414,0.029053191494457807,-0.17948882275344208
0.02737333798119195,-0.026247756651711994,-0.0872101045220919
-0.007921726823958385,-0.010015482422152732,0.09954220046902798
-0.0015519198097539277,0.04540763061285782,-0.07802275241172436
-0.03068093507297254,-0.013159591139344461,0.04052769820809976
0.05931106924150787,-0.003593563416721501,0.01839470349850032
-0.01981470291865537,0.0010197154332771418,0.08468769095470002
-0.04036037748828872,-0.0022909025645295954,-0.11738218969892028
0.028949442413687004,-0.018493746916150043,0.01367867308541503
-0.00045048956787445914,0.013561370662901546,-0.013224936293324907
0.01915602026469685,0.05707364480156272,-0.05686612579560681
-0.037291314792482606,-0.07193960222628426,0.206974266586909
0.04004456171956822,0.009940945174845091,-0.16328376639569445
-0.046043417375065905,0.015427804118754338,0.06331946460211706
0.02585268468377941,-0.0005795329221738399,-0.02717184440270423
0.008935667433213772,-0.00850979933674223,0.024519841419419156
0.02578263701765523,0.02638477433565898,-0.030792769991999442
-0.027388931976169383,-0.030112024232444322,0.04509014697157648
0.014117790460823674,0.03297468405588365,0.00037586750401725767
-0.001536403230782627,-0.05125430279813045,0.029832709162205574
-0.03202972232466774,0.044472278548390046,-0.08803541082122557
-0.030944025501315933,-0.032087411858589564,0.03610971710257957
0.006999420007313533,-0.014929323692127383,-0.00036527273183937446
0.01768414654028173,0.01748389932012021,0.00883926145163887
0.017954715809596095,0.03879463367751044,-0.01748450281944783
0.005828162642910222,0.011110705435097916,-0.019145162797933882
0.03083319256597755,-0.038166122623114675,0.13827756880602612
-0.010489099281657826,0.03428053344852312,-0.19157068328007779
-0.052501696090941845,-0.025350937867584626,0.0361086389494331
0.023265379503017193,-0.007160501925335478,0.06813089906300908
0.010466094191445303,0.001294467773706911,-0.001519042140944018
0.0069493335462786935,-0.017520057859938022,-0.06980858428312516
-0.006096531240799071,0.011195424988206337,0.06597230684875947
-0.020656449863738997,-0.00733685819758465,-0.02247899483669293
-0.034984656374240385,-0.004728956164842408,0.03125471990283182
0.030459132756224087,-0.01733548273675094,-0.06314203949903593
-0.023028334850770906,0.03369047270534281,0.14456359535691538
-0.001018407601875726,-0.024879499059762153,-0.12289060149642349
0.04616096037104455,0.05486365343687929,0.03381032651085164
-0.03895387857847033,-0.01654273750513605,-0.09574484757058793
0.03094789857270551,-0.018537297798532606,0.07583638943192707
-0.010966637019147397,0.0011630983409896122,0.022992312286140123
0.015408687073874812,0.01328034379409643,-0.003884437934957439
-0.02833911285883382,0.021662168487584364,0.013691756688285352
0.03112642971852904,-0.06841909066320381,-0.09012096590815816
0.033731401139704936,0.047068209238315964,0.07396995524491846
-0.039948983317523494,-0.014896924359393111,-0.09027436386174198
-0.010176252583479093,0.04428265286606198,0.006960605568263323
0.03537376194981343,-0.04726500617621336,0.027104754956718866
-0.028916446000237395,-0.004007707156177212,0.09528594666198616
0.018589218295145496,0.002708166586077496,-0.09066691904905033
-0.06111874502325818,-0.008107850182319467,0.05171880625435108
0.02116470818078212,0.021150329810180484,0.0400236442307243
0.00830377340143309,-0.024898517724316848,-0.05479494505428088
0.00867776094701508,-0.016060516118381808,0.030699976005800877
-0.014376972592466451,0.03617152208224775,-0.05185006415434445
-0.011425586367706448,-0.014193314684393065,-0.13896712406240927
0.006763644162965199,0.020146406508272693,0.2326569284132952
0.0012947072760327095,-0.028816480250596185,-0.08235761619805074
0.027310766717292653,0.016692944125803882,-0.0939221598285943
0.0006734217482761329,-0.004561159542030842,0.07014834058410643
-0.004226956445749406,0.012383719046853835,-0.0318468939745399
0.0168643919856075,0.01032241742906983,0.08677945546025144
0.057752160573837225,0.005236546164405187,0.03812198304854013
-0.04592554667824755,-5.084418596048579e-06,-0.14619289556593837
-0.0209319007194851,-0.014336514781545694,0.1221510494750813
0.02990322848561463,-0.014227646586490455,-0.2296330738590404
0.018357483679420188,-0.043204595349486535,0.11976254968258708
-0.060232640039435924,0.02818941173076441,0.05999537429332807
-0.02513072710954821,0.014881523492280344,-0.016943206229813493
0.09689774894697605,-0.10581848804676582,0.09465908166879503
-0.04856985837006683,0.17091563056422776,-0.0730318526354802
0.038457280454649106,-0.08230678952893154,-0.2098665845868031
-0.03387648281690572,0.03981748965415852,0.2839909454959683
0.0140019202077766,-0.04552252112587718,0.0038570627437157514
-0.006407308077291685,-0.0538730676564014,0.04574810058599164
-0.038379194559761666,0.11150237316385696,-0.17388813920763607
-0.02741683916025307,-0.06394423211776147,-0.03592373077284211
0.023307706534941994,-0.004999283490134632,0.04950339102609732
-0.0008656891745619188,0.027788061634836457,-0.013499429801521785
-0.0014073847901612479,0.014400406437269008,0.2508346612602977
-0.019014633558751316,0.027693746954281267,-0.1832926463721628
0.03205599787469328,-0.03978098624971647,-0.018968149550713687
0.00010623102599785828,0.03844295045968279,0.01382516485607324
0.04858954098771779,-0.034431182138261,-0.1706570817946895
0.024766965359785367,-0.01087537951301993,0.15520336928595957
-0.0722608847594995,-0.007291909151367051,0.00863640475055352
0.06388585836344189,0.05068746576999722,-0.18431749688323812
-0.05445278388672062,-0.020333337233174972,0.2366270091418163
-0.001264872215699523,-0.024101961169259542,-0.12299162642259116
-0.019181283000258988,0.06316638874470087,0.0056135216468930224
-0.0335034900052195,-0.02678934230981346,0.14299790559101835
0.031706728864865086,-0.08383832311966527,-0.1529863501888639
0.027627591361854786,0.08742959838606179,0.14855900098927496
0.01091664518399617,-0.04790834613465823,-0.09355829590662519
-0.040364636900662915,0.04117487538059336,-0.004672242946813077
-0.0016903067972878505,-0.02909290838502816,-0.006849279091344407
-0.040878266920993174,0.018349953171597298,-0.0859191076399542
-0.0035615643204666148,0.011721615099508887,0.08255781695174493
-0.019784425168373983,0.023504547024332467,0.0036913389301882838
0.03576640083793329,0.010146818150549049,-0.07401933965847542
-0.0016016369514825458,-0.019402878016552307,0.0922069844453929
0.02617335348027894,0.02394283831604728,-0.09124980403414767
-0.06501739048710535,-0.026756093331651024,0.04792367371424163
0.02283689293494452,-0.009154995585893033,-0.04089444840534226
0.024694391346177288,0.02630943979962053,-0.00878395333215909
-0.01814435686075273,-0.019716149754951787,-0.009737282711595938
0.016082085613773733,-0.021935895338859215,-0.0253135126532627
-0.022970190392297293,0.035064250902863796,0.025483641332848368
-0.026260445025423365,-0.013495240181327887,0.03342769259941164
0.027015237062712742,-0.011347224780619563,0.030717161573543095
0.03336199388192913,0.015077435830347579,-0.07992443224249969
-0.012287658614235935,-0.0007885154143151318,0.05881771435642676
0.03876976267259641,0.02164736525776916,-0.019043494299271747
-0.03228924041069732,-0.058916299389059255,-0.02057645137438966
0.012665901686822795,0.037089122296456514,-0.04923476103366152
-0.06097372590164902,0.011399392317121592,0.05888491632574379
0.028304436497845652,-0.043155449635710524,0.06366769896015158
-0.02176617782651059,0.04820651321203173,-0.0595581881776515
-0.008374139548584831,-0.0035496030910751484,-0.03915722557934833
0.07339903568005642,-0.0737262294401552,0.12165897810151012
-0.0026999549342053863,0.0540526394283439,-0.0747684876466261
-0.027103828561207327,-0.0029197594531826976,0.05761643146972628
-0.020540811499777975,-0.019131149095164196,-0.054121284420315
-0.004376913148065813,0.03598670431574382,-0.03220915391761034
0.04850841361640042,-0.05129470923494701,0.020073925868640864
-0.044119763703215034,0.03332189028111845,0.07337793583200719
0.014231249310892959,0.003556481481381306,-0.05066857784532273
0.028363750503950326,0.011955024703748868,-0.006160831611853963
-0.07835517310231574,-0.008946048555780104,-0.05419407067120004
0.04561044141387782,-0.014341635380533724,0.0246506520204801
0.013100054751224341,0.023543069233055894,0.021614686338252014
-0.027176943649259693,-0.039767364552570156,-0.030825490574682687
-0.021473483738580833,0.02809924348689182,0.020656139873940813
0.07035411773727851,-0.004506183470804039,0.08505604624449241
-0.07536889400562215,0.059214023675895434,-0.18255346774950287
0.05138364626727123,-0.05122649869071405,0.14902801708910848
-0.002574366292905177,0.0019505411459613243,-0.028917181782154296
-0.002119683217635089,-0.014330021349421594,-0.10142248323961539
0.04202780242271107,-0.0027807152650684585,0.13936860364710338
-0.053623835064122216,0.006765970209933734,-0.019489011675440277
0.0039854670436570185,0.03353258724266364,-0.06282334754861583
-0.04288840434624786,-0.023142819205751886,0.03001664287017323
0.041102073437853014,0.019872285265063228,-0.005020433438042038
-0.005575965625091186,-0.014622680772203465,0.009297697374254064
0.00872224068591352,-0.0021147995923140694,-0.016030954027506993
-0.016775423994233353,-0.0029383184067307997,-0.028922605872665517
0.01838464131884793,-0.012181525740954147,0.13811394576535263
0.021425512359245374,-0.012350056874523752,-0.07944169023933403
-0.01384891951089047,-0.0004489221040648772,0.035932768621042756
-0.010908907475821348,0.04460833997041633,-0.08124326630212103
0.06528723816403528,-0.059726262705212856,0.009056006390339925
-0.06006533756376181,0.0251142395468104,0.07241058544727218
0.015344168803372464,0.00011458437181531167,-0.05337627564142123
-0.012927932795396729,-0.01836087214140611,0.08024586643871787
0.04823283341910054,0.014586448080680442,-0.03743969744335347
-0.03836625870370675,0.014561716388228696,0.026213385838327472
-0.01937473362316413,-0.01984611477789276,-0.0526493932062423
-0.0011742597787914777,0.004950301416341709,-0.00828813205789577
-0.03272472081674705,0.03441502186029313,0.20618368236437654
0.07493167088720598,-0.02724372711782955,-0.07129012278744415
-0.07890644998792747,-0.022354752694308946,-0.1971227666172196
0.058835013816788316,0.027662408171235935,0.07198512923308314
-0.02616598689713345,0.013109268034732793,0.04063426497926574
0.016135537977270235,-0.011700595781444499,-0.019937555405543463
0.03824846986284286,-0.03125769482965552,-0.038656896848694104
-0.040241779454877405,0.04540048592197742,-0.05840589194863059
-0.019700072024715454,-0.002542820996239015,0.05312169541094294
0.01703242256170818,-0.04650994301863902,0.039174938995482404
0.014286981516609683,0.03295762391270717,-0.06249940847729229
-0.014971783086560587,0.00042807336840474,0.055002056440924374
-0.005856105275959895,-0.01435462582876899,-0.007713110213832888
-0.04000369018412932,0.02689366624817197,0.02946545167725275
0.05791917475016684,-0.0037680569603393012,-0.07930716427405568
0.03988353706713712,-0.011742312952615332,0.032283934077555546
-0.05612721074515734,0.004871208185906637,0.012313997697112606
0.010626022026920989,-0.016877248855425128,-0.0888581519577937
-0.026999909703845918,0.021209740316944697,0.12379735655116086
0.057735762169918485,-0.006152446545564949,-0.09981095744402965
-0.061546983876245215,0.014668728338782735,0.14533498383858834
0.021565591114110275,-0.014852418036009158,-0.08178224995563044
0.026541351226178556,0.01741498712954188,-0.1016637123727933
-0.034033124763502044,-0.025315508003171488,0.15078320540657028
0.01394718950890581,0.006089528565848372,-0.07557624480837732
-0.01409841823050109,-0.005293086099193918,0.021611020766934327
0.024021885358010024,0.049188065892335875,0.0717814478600754
0.004079697041374608,-0.024266776994552472,-0.11141599943277114
0.011562455831034484,0.005182161649202505,0.07958189492809571
-0.04435236281646517,-0.007158699319962496,-0.032624566978980994
0.01458095494030192,-0.030182507817683037,0.018418537067210937
0.00916513186924048,0.009354304214968839,-0.014733569759480543
-0.027633395974796367,-0.008990034776502788,0.046692321919002765
0.07153392613919216,0.042794303168065075,-0.048065209464806406
-0.0589216032046569,-0.027834256850340005,-0.0934516758244476
0.044200020102172714,0.00516426276114057,0.12731783271555897
-0.06371895294681726,-0.008191280847323528,-0.05563321532743856
0.019741960028508154,-0.021458746511061885,0.08275753123985317
0.008943896478229008,0.020253548361601467,-0.05861514054937496
-0.04340406284159766,0.022514202073838724,0.019552384109339824
0.03417089888610338,-0.012742421925647349,-0.062046786010138175
-0.0014801332051277594,0.030569867184645716,-0.032389141654314745
0.028722754903470236,-0.021902479092129362,0.09385084843208244
0.0010931585480980922,-0.03642830888309817,-0.03980104189066716
-0.038155492259138606,0.018583456121140964,-0.029693539023801962
0.0007941692837284009,0.01845678226192401,0.1275609449319072
0.05358837510096831,-0.01880787247195622,-0.08082643138303429
-0.01829664165403099,0.013545963653980718,-0.08629870253589968
0.024206110462742743,0.013094274133181111,0.15455856444884888
-0.00895161432847253,-0.040580611173465536,-0.07427866830398962
-0.03172210610037848,0.023500452836849726,-0.0693843643805207
-0.07661405131122984,-0.0012862956135304504,0.18628691411623916
0.0431077289441344,0.040502754172617096,-0.18753381986984727
0.0531949958626295,-0.03380196020505055,0.047126569900762263
0.056516014307571326,-0.03320947238663781,0.045697601547870254
0.05679438710815162,-0.03322235019123945,0.04809653889404624
0.05478756491799104,-0.031587374079000016,0.04767947112941024
0.055957081158666454,-0.02943834425646403,0.04770121282766222
-0.005369508941567869,-0.027795813738230844,0.10703250176713301
-0.007670959852554682,0.03839542808516761,-0.08551413080783492
-0.004385431286535766,-0.025326644390861377,0.3824161484987432
-0.01453127784969376,0.005465848650954328,-0.4804580219421443
0.041333433745367125,0.0005314286232613518,0.1770755127077223
-0.008733166875662843,0.011995815933640559,-0.03981781806932167
-0.03354451067319763,-0.05164780254220098,0.08939715348438085
0.04460241544243061,0.05146573084631165,-0.0780447537267385
-0.057560236025206636,-0.030743898433601854,-0.040678323049309524
0.026369093700010383,0.022109010453554782,-0.047372815160277214
0.019962488617175683,-0.010673934303200551,0.12509139035121394
-0.010592574998670308,-0.006981353632370056,-0.09508388694447095
0.004744195078143545,0.002383590928560544,0.03780115747493384
-0.010817154787696097,0.024269900533852928,-0.02430765215206904
-0.0140078023582134,-0.007388405578426518,-0.030933701010333225
0.0223574640934413,0.009628272391882105,0.04303967485574148
-0.005375195105398283,-0.03331189890709926,0.044915183581333146
-0.013162677716226416,0.009420239627113797,0.025544955271677165
-0.00531511840890549,0.023531198657198847,-0.09505286689077633
0.032124167259909624,-0.017099508195964872,0.04751506469854569
-0.021717871538970188,0.007265529659788541,-0.024836249114705593
-0.013572734777215687,-0.008720542973693162,-0.030584313008492306
0.0428229854887573,0.006065666074296869,0.06577719439464248
0.007317356071543273,-0.02564866345877684,-0.03637369846180551
-0.031642539324652795,0.05169095140204108,0.005251913748737458
-0.019595550273958935,-0.010351685685002084,0.038922759831831265
0.037892870472510734,-0.018677083018323867,0.0008559647702667439
0.03422686857472235,0.005409935070116703,-0.08180647779911993
-0.052454232932701676,0.0033673935280493163,-0.0029849181246865484
0.027412703674570684,0.010004380919200705,0.04001550798650474
-0.009143521257392671,-0.020185962045872516,0.03287583903346534
-0.0342389297704276,-0.029770403398644216,0.02140850153262413
0.006856407850199582,0.03179617103564006,0.007997322076716759
0.0020370488259298814,0.007302857728466643,-0.010512909800999438
0.021938098666617237,-0.008376724804974995,-0.08896537321469428
-0.012821488973140505,-0.020844885111613518,0.0933089636358998
0.008888013969363808,0.015553111351323867,0.014860925547475841
-0.01934227488686567,0.021531659522768205,-0.05505752238859731
0.022985967782302837,0.0034082441255830266,-0.08427903255345637
0.004275811237767493,-0.019509760507672665,0.15228686574378064
-0.014995892431938149,-0.016178514286554094,-0.07585135957289134
-0.022435427869336288,0.01826803857927941,0.1250023459393352
0.007279960598249225,-0.0008387224387156422,-0.10495705463530997
0.02280897373547968,0.014036926421948877,0.03535755468221433
-0.0015676080936275526,-0.007127713018170967,0.03277190544186409
-0.01091576811347205,-0.03132641847804711,-0.08642594839885577
0.01009237550835667,0.011377812891304106,0.026181298680289795
-0.02774425294099729,-0.013610676651720688,-0.0835324479492067
0.031937236268836725,0.004382241160366256,0.07189157055812548
0.007000756144606233,0.03101628017548197,-0.15901461539921433
-0.033588886016912324,-0.019026619080778052,0.14909828169341416
0.07034798418459336,6.812972479662171e-05,0.1737300536827751
-0.06013339872389571,0.001032088262948605,-0.14577225346881378
-0.013665321628283975,0.02855015304817491,0.002368396861328144
0.0101490992886537,-0.010156412538294645,-0.10894681397004874
0.015949977655659815,0.003451038537697224,0.07804940492312745
-0.00917670274509439,-0.02193738097123755,0.03568164301075985
0.018677965508362288,0.028639591522453534,-0.0033190607505861358
0.003028094307541559,-0.04024401579847108,-0.028641687351563173
-0.019343463167924166,0.02794301275071267,-0.0062748257001049666
0.0009377909431367648,-0.017978270369823815,0.00551841117663376
0.003186498964844815,0.028775486913864806,0.016847713573996826
0.002231503694237532,0.009666739511461176,-0.1047653347194054
0.01352665962274459,-0.016125039020526585,0.1862556857116745
-0.006118550734914467,-0.012109045829574895,-0.08719124772971981
-0.03415228429350545,-0.028086507138502678,0.04560242673053746
0.01207140544279222,0.017577435803856945,-0.2472481256299098
0.004468673974042565,0.02503132549318556,0.21225272582144872
0.006165377451916459,-0.03313954872653275,-0.04472612911206261
0.008117399486006153,0.01886345973219454,0.06308780024518501
-0.017392904559880563,-0.014370897219068084,-0.03453248706195497
0.003921628645742608,0.007300204841075155,0.01750620388722922
0.013901527629584458,0.0010171572587343647,0.005727525525269375
-0.027073010482126694,-0.003317868520987748,-0.03021209787109246
0.01315320829867803,0.0019058353460765431,0.05124998072522046
0.002752835064344101,0.009198358460645756,-0.00448565947890593
0.005746570383909444,0.01250135470219802,-0.02675111255983082
0.0031258840319699564,-0.0214739619633799,0.03256480229412153
-0.006690064988815653,-0.010407588864662665,-0.18765996605235763
0.03495092937677374,0.04490157363069516,0.38589574838282464
-0.012265673558256678,-0.013419638139539867,-0.26195486577495886
-0.019708267996254802,-0.0305606028882825,0.020597700855609205
0.02469054111051684,-0.000467626730473496,0.023989487911116925
-0.02337206190280141,0.005241177596322336,-0.03912384571553629
-0.02997593914505665,0.010594874525461657,-0.18366146638350642
0.08017667641451215,0.00655754713912244,0.24059818597619284
-0.07582838142323702,-0.01890565207298878,-0.020435939182989755
0.07030366163935113,0.008815734616714357,-0.012124025306195616
-0.041780271985566095,0.034439519608274106,-0.05812758642893276
0.0216594914824114,-0.013156802974701667,0.06688826210478972
-0.035685889087103156,-0.0016474384302132795,-0.007882413501492068
-0.023731498105436878,-0.02023250165669995,-0.02436650520551507
0.04512479202378735,0.012868594600213666,0.05626191121062814
-0.03273218813489219,-0.009981332706686752,-0.054658124564977977
0.002504635597633331,0.008556004902845754,0.010970551535004596
0.03262064476556561,0.016233041210256136,-0.07194174954764451
-0.03378076728377542,-0.020389484057062708,-0.0271080260061137
0.010918660360051126,-0.01630651648000576,0.136321209758769
0.01040494224564212,0.014620936469477952,-0.038994664284914354
-0.0031016763707727812,-0.00902800509935564,-0.005013654625652402
0.012293734955331504,0.011809886077171478,0.034510382869933104
-0.0299045331136666,-0.004472968943044653,-0.218208426233879
0.03706601108729593,-0.01330362864630053,0.1927002583460448
-0.04150401980097571,0.026500090341451843,0.033683896578487464
0.02294432014094381,-0.006408846136800532,-0.0539542528181144
0.006757260209607279,0.008340107524048292,0.005431334366463822
-0.027310617599439646,-0.007906045071695851,0.015410110068734708
0.028652561068770777,-0.021053105036000018,0.02772461076724535
-0.019834649281066836,0.007003484627305188,-0.06140884007847022
-0.01487719488879563,0.0021005458070294126,-0.012940434196604844
0.027305878791287066,0.019877337616233226,-0.002865195918047112
0.02440364733755345,-0.01215022907682747,-0.014936673066297854
2.3914819776638118e-05,0.017179169628772587,0.056011910792143994
-0.033392755831944905,-0.018395420053219907,0.02392466710277623
0.029535182724118342,-0.002101078249664408,-0.031990329866162265
-0.0282937238100566,-0.007549094521747413,0.1019480748861759
0.02897798531467314,0.025289213898797805,-0.04110562757725553
-0.017805930876735702,-0.0013909667003685878,-0.08820514538493521
-0.01946755136293853,-0.010985052364074557,-0.022855356974746225
0.018013306865326383,-0.010553243310300928,0.06506502419897654
-0.005370285896268419,0.049400342469596126,0.10206140516083359
0.007223327762747358,-0.0391259615066911,-0.15351650260374228
0.00531779091620864,-0.01802258441096438,0.0864631241297851
-0.00965484549937354,0.04199489353037829,-0.12039523706458598
0.015085580609329989,-0.033821125889888906,0.015740492829465394
-0.03262305863522077,0.03875392491038334,0.0700361702636318
-0.014081580889078618,-0.01752127432213352,-0.047033272804375345
0.048275714769473795,-0.0029686300630693816,0.11648514731482068
-0.015398091006517066,0.01206320860369769,-0.08893555245020685
0.008794788733327312,-0.02511624564380183,-0.027845417811814183
-0.031074592547663368,0.03527012983955273,-0.039761151824999834
0.045247553132347705,-0.013178353443974729,0.02477176896639964
0.012492582778421912,-0.02929770151226617,0.09984446018041244
-0.012427809408596708,0.04043655010515475,-0.13804550374006058
-0.033375574535636325,-0.028520763917130036,-0.00982688218097584
0.038415206719594905,0.012616763847258792,0.039349012322922226
-0.013751742469015267,-0.008559396707010758,0.015033590392054971
-0.0297443746297819,0.01883062387718516,0.0361885596890044
0.036266673179617986,0.0024171892617505185,0.040552920242596074
-0.05499917969483611,-0.005745777050144732,-0.10407330615009983
0.04773219694729563,-0.025058520340646817,0.016167944749017137
-0.1305034650137456,-0.008153164943301263,0.026584305306841985
0.12103099670182696,0.019355038085258548,-0.0255217020413823
-0.0079429045461395,0.01645778762874067,-0.04088490815728692
0.016198669428303922,-0.045800238677562784,0.011100459276264543
0.0003528213043666151,0.03169051196567806,0.19154872161943148
0.0048996219235723035,0.017202079851362077,-0.18783068927912733
0.011597842595635018,-0.0026181137357513327,0.1939199089437075
-0.03676484833193008,0.005523625611951419,-0.06476511540531181
0.03168531415798445,-0.0004672035066613134,-0.08493015488259242
0.06220934973476864,-0.040789696399062166,0.03575832767124867
-0.13822621151502884,-0.005483925061280752,-0.020452365261991453
0.09881887075166766,0.05872703602939119,-0.08969765653697007
-0.09109373438296675,-0.010441730344256737,0.05997113499729716
0.07470017104488674,-0.06446822008042886,0.04390982443623351
-0.01615990209713373,0.05197942353529774,-0.020218910483828324
0.02528090959490619,-0.017926058057014957,-0.018323700716398942
-0.019269287997989472,0.018362859293627434,0.010288934105328256
-0.021463828520459517,0.004277149563389022,-0.0005330798067066844
0.02637203244324315,-0.037843835567273304,-0.055215730041826616
-0.009356198626751624,0.012946253473826585,0.0579242189186788
-0.01850495259050748,0.021708151450119947,-0.017430948337022613
0.09700461999604867,-0.06049239189842221,-0.07267626361772214
-0.06873432631669106,0.09763289990326408,0.0671474535786978
-0.013915893206102169,-0.03150951292488479,0.0704952805609569
-0.021707729021261075,-0.013622875489490944,-0.03459416030915856
0.025146488807493858,0.015577792184267239,0.017312686833353786
0.0005591211113150574,-0.0073719242240237294,-0.15326951547177212
-0.009572794535825303,-0.0322582656783036,0.22276763042352346
-0.03288359342440838,0.011331507530498258,-0.1112082195041757
0.01707045509967751,0.021066856020752107,-0.049190075202462
-0.0003003633288521201,-0.022075514099036884,0.12297143228982073
0.018691040831371436,0.03110155330733017,-0.022274709793429447
0.003149031569667922,0.01076259785799646,-0.08422022702908738
0.07185532627784033,-0.03597182365195148,0.0022900433401694007
-0.04723293419855348,0.011244624849049317,-0.144927913593083
-0.03004946001889647,-0.008005416943880484,0.18758278502696932
0.0013580629900660779,-0.029201582049266886,-0.05405648681432165
-0.007913885741032854,0.04283984670950862,-0.05560550593320485
0.060339670223334724,-0.014563814739055351,0.14754586535473935
-0.048892885601233754,0.00022227092997079368,-0.05847504791198672
-0.036807336634279916,-0.009116919098756497,0.018388848545686055
0.061545719946270235,0.021149242811453865,-0.059253118511025396
-0.013423874611720893,-0.016316815424627037,0.0951424670276434
0.007251169920709253,0.024929906033092638,-0.06138895487435892
-0.02235257277361578,-0.005181016578812385,0.03685104577891552
0.03929940683299833,0.00949070657992582,0.016139156746069302
-0.0015542057685216403,-0.027023508173568925,-0.031644590923833364
-0.013252033222011135,-0.0046247417066829395,-0.00759231903697521
-0.019865696300037948,0.04284195352766206,-0.037509023439222806
-0.02776344244323246,-0.046828292431618165,0.04544627626317391
0.022900732383953532,0.002235884792612186,0.02248373053615076
0.07273992019824263,0.01476031053825297,-0.05105263943979952
-0.03585920806283802,-0.0035889263200688504,0.02141583073472373
-0.024671020952833994,-0.004447668295374094,-0.021323281294090984
-0.0011405788596835352,-0.00916023272660725,0.03476205253900329
-0.029447869292777044,0.028897149340062683,-0.029512570890671067
0.035970929651246895,-0.01393971480731116,0.05232828441541168
-0.02922153166358832,-0.013134901741574181,-0.04333874976670506
-0.00897955225366755,0.008095325896839575,-0.02630405061417186
0.02328125438289643,0.008801051118021857,-0.008605396194673256
0.02093880146272686,-0.004336544884008316,0.04810548140049481
0.013060558722390639,-0.003928722119277794,-0.01913486741526361
-0.017583746781410038,-0.0027380254896912605,0.06844127676270538
-0.07100047096277026,-0.017735603765822335,-0.04118283526868744
0.03434696990681024,-0.004777094990179922,-0.018641309299681826
0.09091426405041084,-0.042931119557960536,0.12295547080779863
-0.03305331599038881,0.05409157705693321,-0.09115858692280174
-0.07315128867899345,0.0020271148627521995,-0.00035177837789996503
0.06023947346973596,-0.007841347870033549,-0.09859524835236275
0.023774583530714554,0.04129878394414598,0.04489653018468731
-0.055112336980815135,-0.0023529913999892926,0.022964411809092998
0.09092517328431368,-0.028514912725237013,0.025632584768383773
-0.04873870071375372,0.004987576183850279,0.034220349949380925
-0.04644060472248089,0.011459958698755681,0.027979041876763543
0.10442980492942343,-0.028610180478882405,-0.18966332116144058
-0.07147322792435454,0.05580280930052705,0.13606615044975026
-0.016425471155742003,-0.01661807888561742,0.07111806576039224
0.027573734470760437,-0.0065815122486197804,-0.0213866646621684
-0.024714031035149762,-0.022136777057626827,-0.06669087627465696
-0.03049184509107991,0.012006302527053094,0.012248084152364464
0.022275941041306684,0.017050420357309647,-0.03848712713292316
-0.0107528711093748,-0.015185758016421165,0.1560784398490714
-0.02479576928613493,-0.001885140930322855,-0.17582271859968518
0.058487927523838905,0.007288225966099891,0.055402745680499216
0.007510860725269919,0.00258152112834626,-0.0029224482920977945
-0.018204599406870213,-0.020045246519717067,-0.06794812271085814
0.00990616286081563,0.007495732446816295,0.058997430785681475
0.002991729295259642,-0.013253308028500896,0.021880929780652796
-0.052529191443706026,0.0117684746223344,0.015373557090013854
0.0165918667598698,-0.005569205484393027,-0.015070665499934587
-0.0022696090551655025,0.006158501808837538,-0.0725425683998045
0.008935572971215477,0.016284226987712574,0.026071365890312937
0.03001281376234642,-0.019723553282155856,0.04428352846601806
-0.006737186807155524,0.0025014997587866714,0.021700565345166564
-0.003742616788344354,-0.004534812938715493,-0.015058531304357511
-0.008048112539574244,0.007095325683609484,-0.10690950269352753
0.027012401572900878,0.010396041104614846,0.09776070873883891
-0.056950104102801866,-0.01660914884444328,0.062127280435193714
-0.006271704762055241,0.030486013120433732,-0.030237182125576165
-0.018372258390606112,0.03690261344116509,-0.015402870924916944
0.015604608062152789,-0.019347612438242817,0.15770747095983384
0.020457356966241756,-0.02370315241523193,-0.15883332652476337
-0.02244366524864115,0.009702922275028945,0.03878991339213006
0.018274293118827892,0.011306314991570367,-0.09623102846086062
-0.05153775716586188,-0.002928202975149201,0.05417049695418202
0.04714297485905089,-0.0013341538411831477,-0.04156873240102609
-0.003033039812022236,0.015492254238950079,0.053913077410458164
0.012829369846273666,-0.002019390708818278,0.02149463889760269
0.0007565012905923396,-0.013645500688602836,-0.06510351945095365
-0.005306964791894027,-0.003116257622653258,0.07568922654438227
-0.035282162396052884,-0.006600216328608228,-0.017871421564528856
0.04380312809756566,0.010878949790837042,-0.004087415397457394
-0.0021772849407660777,0.0005006914269338658,-0.046899148718997266
-0.04034265395556618,-0.004119682541744991,0.030713522812083838
0.0072209126954526194,0.021935828361225793,0.03447279853774106
-0.01081125242429689,-0.05079740693884508,0.02027372011710387
0.02274822604036511,0.004057809858351824,-0.035343714874712225
-0.011303112725538514,0.02663233528887863,-0.03929565708370124
0.003431442905239228,-0.011494859568594827,0.02249732110191899
-0.0013287776765747684,-0.005034065245019699,0.05298564166909287
0.012375869841322773,0.017318311567141434,-0.0836332620500678
-0.001954067717492036,0.012807836281695075,-0.1577208478302821
0.0015517306245527473,-0.021552123724649767,0.13288367045959182
-0.04312722981186083,0.03114989034022088,0.0026989234657895265
0.024523738544327225,0.001994475547697423,0.11870420344286674
0.019416919382649948,-0.026217255905735447,-0.03334201832343484
-0.010863536890144389,-0.00331435646098031,-0.059110138392866406
0.012623921883383182,0.004964738579166337,0.01402720014599154
-0.02730220715760838,0.001889411781268695,0.01540756867321147
0.002343336314612774,-0.02288739671794951,-0.05039985209300891
0.027349881516937607,0.01300730464311418,0.09051983836743376
-0.0012050695765474795,-0.004824682610754217,0.00433819710404185
0.015629236816321973,0.00521769738937512,-0.04818855306915538
-0.01590615386139694,-0.00016029424375777702,-0.010440739237286193
-0.016940709302781104,0.011462250453765428,0.02167892283137615
0.031508448925164405,0.0057727179126490745,0.1295952601931799
-0.03869678814990905,-0.023899341224128633,-0.1324921404497068
0.011445899966922699,-0.0010051449455659544,0.04559478308664731
0.038040460435359594,0.005799402779204299,-0.1844428554948431
-0.030098241477132835,0.0031229218110489488,0.10984136897802593
0.0013010864165509883,-0.005012882080496803,0.12778999646682956
-0.011416199142794561,-0.013460225069302289,-0.04393071456017594
0.02832725440836197,0.026825887235386165,-0.09276802668899814
-0.04945625962572226,-0.02229355554645391,0.28060624235641835
0.0431924182211122,0.0053721471100037195,-0.20167227833336102
-0.007892439084068415,0.007630220679607396,-0.014274506658913548
0.004898849397012439,0.014088153357063487,-0.2297217735526113
-0.04760316918970037,0.028554346997630323,0.24067751702536375
0.010541191624977877,-0.06226114084963157,-0.08543784446761624
-0.005592592440639379,0.04310181792031624,0.07617730052658671
0.007039944980749005,-0.021356943153856865,0.18817347944873744
0.021573286469990634,-0.0010645264560805502,-0.25086715410466853
0.01749191470470675,0.017916435427180074,0.04817336837110148
0.002660162098517507,-0.02598469710350086,-0.01658902927013427
-0.028506988829364897,0.0011427364145250962,0.012575817579947355
0.004970965980946888,0.018951761531832863,0.190286222942755
-0.025564271778275617,-0.01330115308718928,-0.07935361543109404
0.037673906645411974,-0.0005649945608251983,-0.16558791500924985
-0.03237514044116299,-0.0055974086692142854,0.05090392319561204
0.015618826421629858,0.021703824915895176,-0.006489507674430204
0.022773775460567584,-0.020519476567895614,0.023662922618856466
-0.027289319612214053,0.0214533909673736,-0.020159851559900764
0.007847984130933022,-0.007172239404980969,0.11197675864797613
0.016729183769355095,0.0009721277616011381,-0.11359998664405094
0.0032109316438192616,0.009208759505820525,-0.052090533511637095
-0.020461625244449534,-0.0010844110094023396,0.06358952389895935
0.02799205969628136,-0.013141275898374384,-0.04629928549653952
-0.014304981344377547,0.016426136354673045,0.0814678193037544
0.02977940863448883,-0.009730875991320555,0.11353723787929598
-0.04697177771711068,0.013025138014739835,-0.10443008787322813
0.032914516877778445,-0.011085640052427227,-0.08658710657762506
-0.03958221037166878,-0.002434119450336536,0.04678672131871675
0.013391900420344369,-0.02621981317485095,-0.03099222559325506
-0.010267295012027252,0.02580402391045483,-0.009858740983937894
-0.011688434868169492,0.00031327332720630706,0.09971293067309621
0.026747352771311714,0.01269879465908775,-0.1377889750304097
0.0011049198734782407,-0.001178466565936005,0.026446567793619168
0.008436174359759468,-0.010276242585600616,0.03016069187939582
-0.0024351451620812713,-0.010419478208258446,0.050664564604556844
0.0036750174590131635,0.01775231201084,-0.0913193056079797
-0.010480495799294802,-0.028236313117390433,0.0046251245400270235
-0.010922686242795092,0.01758775270817253,0.08059814625384658
0.006256722623675908,-0.013752632102723848,-0.03770207919277368
0.0066012025751829104,-0.0005893158046958913,-0.025912357982753792
-0.010763337791038219,0.01806502882615264,-0.030796881970533166
-0.009982530485657585,-0.0004871744183762594,-0.007887364571301268
0.030419557351512902,-0.010855763026206153,0.04238636452077994
-0.008184321786951573,0.005480411481595167,0.007127714537446146
0.0003910685491670035,-0.011989149788120459,0.04943054456299864
-0.05435890861585593,0.03457773706718405,0.029051285992605216
0.07046422690163659,-0.025346973496739044,-0.022642514459530166
-0.015670053742457543,0.012304734056815269,-0.075635584493336
-0.03434581804569402,-0.003671789735899398,0.08129741352370233
0.014140744409790233,-0.002307528062293862,-0.001696483084032163
0.003046994654856765,0.027753876672393533,-0.00827626056262678
-0.020304539151507574,-0.03500270848326642,0.03023392994286789
0.004446025958006095,0.002716002439069567,-0.08434529919688882
0.023750932544283083,0.0008895708217234156,-0.032323963949880775
0.014523224587570417,0.015494756958798388,0.03536487920097417
-0.0249606447858425,0.0029159468211739535,-0.012522815332595263
0.011348646848418355,-0.015657470875405827,0.04619692810144729
0.021680366885084852,-0.011342936929620916,-0.08617978057016591
-0.02953752363077373,-0.0065701191139505965,0.1399657640303045
-0.002818741910367395,-0.001817130881149458,-0.14574358786066885
0.01388120070650306,0.0076422403481819145,0.04505838165214234
-0.003547096329106263,0.004517226026639714,0.06478822403103424
-0.04711928530154376,0.013933882883375484,0.005882453287077982
0.030469093914425757,0.004389949984228594,-0.10033038056747406
-0.019292953359593305,-0.01597862575267503,0.09840202494846183
0.0396649653485792,0.0202082401676532,-0.1082255174111269
0.0027476739115336424,-0.01888850189964943,0.05147998659460179
-0.013534187486765485,-0.008256700397646593,0.01994585843542443
-0.01681518275717476,-0.004508086563661102,0.02236770551190917
0.05102639036833332,0.022087581912956598,0.014649073613556593
-0.033860667229871584,-0.0049062580108073075,0.002215067709964984
-0.03175849838928453,-0.0053198760017181355,-0.08659199605827583
0.053276447309003425,0.0064304496966609915,-0.0068938957654722625
0.015422588587415768,-0.010649096497438962,0.008133008165580864
-0.01201890949978277,0.003499694879310642,0.06412531399070262
0.006486680200635992,0.01453517798200072,-0.06394322296844514
-0.06267142173247,-0.006996265566087394,0.19123314982014997
0.07699723431277515,-0.02822409742870894,-0.11944888561268005
-0.013479808951243327,0.02496391782189346,-0.0836466074439973
-0.0020996933837628263,-0.0043223053120501655,0.06748504575793626
-0.03196212890215771,0.002973525706685933,0.02334964000679214
0.041787891200926026,-0.014410383827895288,-0.013918119795584029
-0.0023128630739935475,0.03719087594411553,-0.020628714739836483
-0.013800793294197273,-0.02654668083802447,-0.045749324418114835
-0.004653003592178501,0.022298324478352977,0.07081534459447036
0.012143027550394665,-0.007150880124687476,0.006184456092923436
-0.02125820801281378,-0.0021442590761520286,0.026015148171848593
0.021231936345976987,-0.00857281269377319,-0.001400971435225209
0.04871134852085854,0.018307715667004523,-0.026730854667564127
-0.04209339117795726,-0.00950714875415465,-0.03439279297198432
0.004675079079318074,0.016025711755081443,0.03628361351221956
0.01735072557509916,-0.007210340094531524,0.03009717699300241
-0.021050433089030395,-0.007028120773908639,-0.03838068398279404
-0.03553760663195853,-0.013201004051428815,-0.08801880804106575
0.029451845999687084,0.030597978839951592,0.11821989209076172
-0.04054054940632944,-0.023975270812002663,-0.044456575432571165
0.0697401424139787,0.002507824574385955,-0.05162098349315243
-0.05855497519645091,-0.016913605260587338,-0.0538227400246808
0.06531527722557454,0.030577237125247656,0.18818611673504848
-0.05184075272721886,0.01491385059159839,-0.20230316335461634
0.04836760259401093,-0.036851630443282664,-0.10057855501723612
-0.005319247970863419,-0.002592646713275766,0.275607795724831
-0.04607468445640404,-0.010781828475143947,-0.2991558430821759
0.033804697876375675,0.001208679728130413,0.3095141051770987
-0.045943043656472275,0.0032369943860970896,-0.020640707690133625
0.06915002097197022,0.06015544014082542,-0.043512402918987156
-0.04050164904041939,-0.0092061175587415,0.051111830077994684
-0.010117795769733944,-0.023732441318464515,-0.027934598169264576
-0.005119622231039518,-0.027021116808639844,0.005400180490591779
-0.04685064933958295,-0.03115003179117715,-0.012877960640243326
0.06545396285862076,0.07778270809655527,0.07058639199044676
-0.002909925624085963,-0.1403462306554052,0.05147072469822618
0.0074891052141582625,0.11584341307682866,-0.16919543274130333
-0.0007735804125425804,-0.011326513917891096,-0.06961593333541734
0.0018616859491039817,0.025767093967832288,-0.01908927371906869
0.03134789690515632,0.005371259146295672,-0.1444421926398725
0.010693970322106665,-0.03367639113944992,0.28783986299904
-0.07502848420345576,0.17356181470635731,0.19815284870413122
0.06961394636754052,-0.1643283126540581,-0.14020586525806228
-0.008972457233534277,-0.0009840460713457233,-0.2016200205117225
0.050339734684901015,-0.004610572570388314,-0.08526596300823129
-0.02845224975956354,0.05183741345800458,0.454606469617124
-0.0451795093756785,-0.08434248592590456,-0.24069207959597602
-0.002825511396241467,0.02056524982270183,0.06235605586406268
-0.004889381549995644,0.022229941585911062,-0.08273626733228284
0.02019121617406714,0.014647298656077723,0.01763005141378847
-0.010085682121895298,-0.013255049108191929,-0.00565844678850099
-0.051263827568162695,-0.06028976211458609,-0.012929385371721357
0.15134197321173082,0.08258998604507316,-0.012707703150737952
-0.11472722912589232,0.005626756265215995,-0.030458109292247428
0.02073499796597953,-0.05962077373255589,0.0663741114966511
-0.00797606769341864,0.03445357404056921,0.049961954149515646
-0.016278070500524988,0.029020602912467525,-0.03420657839784747
0.008253787060495487,-0.0752325335830223,-0.05982272213567147
0.049497980505781476,0.04185773692162673,-0.05734114550457889
-0.06095265663612524,0.025097418548740064,0.11370213047968747
-0.02553997860524303,-0.04439318257459668,-0.004661949026876098
0.10143514596554905,0.03336413475683516,-0.051952401452282776
-0.044659416324104646,-0.01098003022036972,0.05425155414418325
-0.002818212446761699,0.05526694064372004,0.055193618727253535
0.009591819223292709,-0.09438337121413178,-0.24940320317977768
0.02878496705414592,-0.010454273152520894,0.05513320481557067
-0.06331633498726319,0.0466409456171631,0.08975986189117319
0.011772291314671345,0.03664622999486502,0.11858060947545651
0.01528207971441569,-0.011205573776914762,-0.0927297457132289
-0.015796288089231912,-0.002722552195465937,-0.026165327564899234
0.010991222970450836,-0.0460321115508807,0.05257703239811435
0.03494217836002204,0.005487773348088983,-0.06391334893474512
0.02476735672353165,0.009315943942599318,0.005111902319572945
0.037014796393392044,-0.01789677475812576,0.31843291709788984
-0.0226990422276263,0.053859529055037714,-0.49012895701626874
-0.06074334860497654,-0.020622710885963683,0.16082462753818674
-0.049118232697679155,0.030139419628236474,0.060357330873851464
0.0842295438898049,-0.14682114884800898,0.009405327516309878
-0.16118216783842038,0.13437476998673592,-0.050039866233151695
0.10459443931936603,-0.026863839979639936,0.08504607752564042
-0.08640634558073373,0.04577131214720273,-0.20982842859857695
0.05444719269672351,-0.03496940087261041,0.19117815218278703
0.011125546248558247,-0.05423972119017157,-0.04683369989080465
-0.019023141520429335,0.01801795175847676,0.4059327136399602
0.09700756129500554,0.005610476949417418,-0.6525397186178087
-0.06807911432570943,0.0018085917370825834,0.3027773462174158
0.031418377423019866,0.023858383862678148,-0.17399703766480726
-0.009157064401986315,-0.016085217745021918,0.14051114612539886
0.011097441036637684,-0.0059439893829621405,0.017985911090760053
-0.04263970804268978,0.018356081376963634,0.18068680892539823
0.12988152808540035,0.013454600845000613,0.07108054973625112
-0.13665935917917424,-0.001347074340365424,-0.45682408013769704
0.01237760854306774,-0.0451338157994641,0.2015431131896598
0.026269700288253296,-0.004504053028545432,-0.06512145179313937
-0.11935442490164659,0.02918380416947654,0.2390282277178357
0.08286313147337811,-0.011704142366093642,-0.14828256861044
0.02948908062685577,0.019573975872375728,-0.10816740973520869
-0.029197387227669343,-0.023604366044160514,0.02691721377591324
0.03190808745778989,0.0398525146698948,0.0373057157174366
-0.03237058205255353,-0.03407160517755208,0.04229360453003103
0.010683014104054105,0.02153129754471168,-0.11801444249984709
0.010790798413167137,0.02342301632061158,0.022509922588876366
-0.023714639704241605,-0.034045552183529504,0.05482509619493877
0.05061894926011151,0.01354130833585037,0.019998407966338182
0.011074752951593983,0.0006013990822105519,-0.07829811849841574
-0.042949304352892674,-0.014692742088877147,0.006409929528084843
0.018291423103150652,-0.055910538420884635,0.017202168511409363
0.008985713638621667,0.05051816507413984,0.07260555165754287
-0.027400230678680824,-0.008508753614907754,-0.09844393422409743
0.011132620595084984,0.015786215393326194,0.07807055886295328
-0.020251923390273,-0.019519247916668495,0.03682701124312667
-0.0009599543056765514,0.020442708013000858,-0.04178513292794126
0.015323739290483935,0.018747207889277716,-0.04304123609518236
-0.002516818203421416,-0.03125286788247226,-0.0015995199357845347
-0.012620311330970573,0.019686376891357014,0.0020200655617673923
0.023823312333875267,0.00437148230928841,-0.027771871831931135
-0.005898893308462263,-0.01587638546338499,0.007607696188680873
0.011417850164788128,-0.00210901449922142,0.003212523666921098
-0.027873868296361154,0.009820122323269693,0.03901516254609831
-0.004940597343006412,0.012530353308625397,0.05023204506746641
0.00789403977988668,0.011234563251719702,-0.034723939827072274
0.015351297502226276,0.023203752716013007,-0.05778684955678588
-0.033691226326548085,-0.01765169496454023,-0.0035504146761716603
0.011336933678223414,-0.01762256969120842,0.060308309479386056
0.0013196047685334732,-0.0001299461774750199,-0.09546835880941923
0.030178524739505233,-0.0018538574854323642,0.15170023983843733
-0.009834487084049407,0.02485892894256672,-0.07509061047472854
0.029568919542808745,-0.0037868920455371045,0.05855801745165819
-0.03533938834009694,0.01315800771642083,-0.24481862037895105
-0.004514652913470911,-0.09387417487375689,0.3543607525611816
0.003476234299117307,0.037908955098098926,-0.2581081917310556
0.0048117800595227946,0.028799152397807587,0.1883342542029356
-0.06549669351493527,0.0032764395455892182,0.10596851017250782
0.05889467068028992,0.01491234776528783,-0.17648782367852203
-0.014626892591791412,-0.004743776764695236,-0.1362188011889426
0.025623810719966004,-0.009002190726146022,0.11306545039923212
-0.030034746282138626,0.0004650207268618267,-0.03310622884764416
0.007845467972158859,0.007294254002455008,0.020331246958481524
0.04496126666798342,-0.002101372155882686,0.027804429134672726
-0.027356135857668874,-0.022852390613936766,0.1288738884622551
0.05479486451847373,-0.029671647795601414,0.15163555720765132
-0.08820074907638155,0.04812407832679959,-0.3147838244852162
0.012216559739156923,0.02620556860889025,0.06750561252936266
0.03576555775093583,-0.036242081216503914,0.10718043718898809
-0.02844843386118738,-0.028968074977911852,-0.117160574917337
0.013942438100189834,0.015197317926825224,-0.014894775399827628
0.025024322019316324,0.026365675764785577,-0.028319489325833676
-0.005171090520645246,0.03166001104295625,-0.06803134581435981
-0.05043777823827735,-0.02825830156057874,0.08285029275161884
0.02121715228527951,-0.011650622630507458,0.04352070825527167
-0.005679087626127184,-0.023583435242586007,-0.03397189330983468
0.026356962158056198,0.03828619818197087,-0.08042069923568163
-0.010471764651604131,-0.03425407366354163,0.07117589767581682
-0.03798525023519323,0.04185043444617966,0.23679735787319192
0.050339882001169726,-0.03926157254984895,-0.265070113998306
0.004382382021837386,0.016743527944490896,0.011431067970198789
-0.05627346318195606,-0.017886846424241723,-0.03730113448632386
0.06371501233279128,0.05629018170455273,-0.02624217878711142
0.02700350577068635,-0.07087274448882047,0.08676990174159323
-0.0481073779664897,0.02920860843749506,-0.14419346981138256
-0.0024224408844310628,0.004922942113301119,0.10764024784683678
0.02075703868823575,0.009388863658603369,0.01193136428116066
-0.04039562169131195,0.0016020425734481235,0.0632984689667223
0.005762615612719446,0.012793804222366366,-0.07694835819964865
0.058211333121458465,-0.04043774572079714,0.03674176590873709
-0.0685779390809321,0.05573454530130929,0.006154510114795874
0.0017342873113792567,-0.043512479932094665,-0.057438226721442935
-0.009109555412422386,0.0031415985361585384,0.0223783210116763
0.02675180021753762,0.007298949172556881,-0.09141452621054244
0.03839229806903896,0.00480918146408337,0.022631474878071586
-0.010765196324107267,-0.021767171353170394,-0.014518635641635615
-0.004069534540792237,0.007048339313175234,0.15627685332046842
-0.06871815389969209,0.029956451298278022,-0.029943913051722663
0.06959900291596705,-0.026015134792643887,-0.16422428903980607
0.022940387047173365,0.0009573854596739651,0.08466025147771859
-0.06747371628733279,0.04678005789856498,0.07928296903990734
-0.0019166114912207632,-0.045145011528041845,-0.010802366410564312
0.00861085418503046,0.011236408997947915,-0.011508070583919618
0.07896884734930879,0.018560446637029094,0.1136375492683475
-0.09486904000006106,-0.06206170221116949,-0.16363972258238746
0.012304963473337226,0.035339775972637245,0.13294845028121693
0.00691245328679861,0.016646416521461753,-0.14111938434683946
0.04475118445782856,-0.02415085292659465,0.017251049144546567
-0.05781314516246791,0.01124128420396108,-0.00039435821664070227
0.016891509526457047,-0.003836453711398846,0.005933841831898992
0.002282834833615954,-0.0042541118865332805,-0.034078559222052024
0.023784330586907626,-0.007521111492915988,0.07741515660189369
-0.031081051522813357,0.03629347747374461,-0.00246715995024261
0.006054483594598457,-0.0027762277439881623,-0.32244738747132073
0.007131780132269432,-0.0045275499642992755,0.339905208870586
-0.0043918904464063145,-0.07182826559547079,0.010132948561437444
0.03513468045462131,0.06180465043318975,0.12471110971952576
-0.039180855656408,-0.007580244654804122,-0.1619887133148621
0.0214941037315607,-0.0027550523542142625,-0.08238957758228996
-0.028318075734428298,0.012642522539458323,-0.025355293685177215
0.046656191098025615,-0.08108816896968961,0.43955810175008464
-0.01858497740109314,0.04738266221591422,-0.44831795792134926
-0.03300922926004809,0.007328544276067745,0.0917222578290643
0.025795282420257595,-0.01826419433117282,0.26036014007914576
0.013237606216659828,0.05262783176585835,-0.18131542195731065
-0.0359427247297797,-0.01377845199815269,-0.22132809005861864
0.004723127361422113,0.011073775521111108,-0.017975173785700668
-0.05375275965417232,-0.010270061648426055,0.03590614859850007
0.01988138958553969,-0.022043500396566867,-0.00818505527680383
-0.02863029215860559,0.0313022374017549,0.3046247285953329
0.11668522385338637,-0.01736838783590638,-0.1488188520434028
-0.02895582750996403,0.027698962770061078,-0.06695916026591568
0.005178466078658479,0.013230275350736651,0.06931800804503857
0.008494623713379213,-0.019515724822291816,-0.033974206601613564
-0.008871026465886755,-0.04035906416346393,0.024500288765684778
0.003438339347793651,0.029076252850191872,0.04209869737780576
-0.01767525792645083,0.007912215732336714,-0.058190699506285665
-0.002461860451017245,0.0036119309620832496,0.0036422611917927322
0.016274138597384268,0.004227206633550304,-0.0468325866262796
0.01910381286251694,0.015690470384443975,0.3050405031330856
-0.003089277496495857,-0.012028525065805535,-0.22748925696555092
-0.03196441762567238,-0.024961797438198676,-0.03186153424171043
0.0031771359469772832,0.01972781976522775,0.0024972699621820383
-0.034634372133537594,-0.001257187958724799,-0.024748954206446083
0.05808457884662082,-0.02179184095765674,0.04635187491705281
-0.1753390511981433,0.004734528941525476,-0.28568177097560155
0.2279886897644265,0.004134639836451646,0.5254297834232434
-0.10379707703001724,-0.0033562367864672636,-0.2791380138801967
0.058880173215414416,0.0021042599014632524,0.02697844311718107
0.020630929386787775,-0.05729376987856485,0.3197065541586674
-0.05980013026130492,0.01246427788180183,-0.4011381813293038
-0.015469433755637444,-0.005859636899549869,0.09441745033906666
0.0011067686094734608,0.11669514916524398,0.0356511614939064
0.02330748367306794,-0.0441789446898375,-0.20256065281546512
0.012903224736419288,0.08301135815525817,0.5299216905342988
-0.003404473656050033,-0.06703585817150583,-0.3884115598664165
-0.03210415621016876,-0.10579979174211303,0.04338114752533974
-0.016987882763454407,0.0763673954600969,0.13897381877826692
0.09378702169884665,-0.030266556741504153,-0.19261211454173904
-0.04591175890050714,0.06427871026492095,0.0697044013953764
-0.05031779559626582,-0.05101619813183664,-0.06812496243411308
-0.012911070300775665,-0.03464703882520883,0.04221932784248784
0.03955046192428943,0.034162685352599205,-0.09412294651789388
0.02983118022143919,0.008073710801095228,0.10589006818013601
0.03216281422766164,0.06679234474430422,0.21407264212639907
-0.004784780956077408,0.015339280446787278,-0.08066632489596628
-0.03493505484337714,-0.0176902727156466,0.04112853387413346
0.051581701577144805,0.01626268839844502,0.08585619391557177
-0.010327755156488988,-0.02765138443676645,-0.08749620705589634
-0.036372559218404384,-0.005403194622292888,0.07718687646045388
0.027316706144807,0.013389344240831562,-0.10773848405070324
-0.016663037178340324,0.00860583655209728,0.016851294075584767
0.014737073541880474,0.03303165564600295,0.022289376775638647
-0.008033693661194687,-0.02241950560459441,0.06432872527022461
0.01930425269569719,-0.01658754951083381,-0.07996981108138108
-0.02820463940874218,-0.025684721198266577,0.1019834955499972
0.03259747623389634,0.04048133791390761,-0.030812168951202173
0.008372760028769495,0.027844106501163236,-0.07374904241242691
-0.03395793978459669,-0.04947728001319354,0.08994110822987916
-0.00443037527094243,-0.007340744149421034,-0.10372932143318861
0.02170367963161427,0.0031537613824583932,0.062208011152220875
-0.003549404879129829,-0.004735090989612321,-0.09220198402263141
-0.003525578427088529,-0.004649068950397339,0.06365678153808671
0.02897760851947716,-0.003145003512113149,-0.04699289193333293
-0.030510072639281054,0.05375675833204335,0.03823029045883243
0.021766288812619276,-0.04935527248166137,0.07732240848221578
-0.04151375592548621,-0.011145582294559747,-0.06129391271501982
0.03144610837189399,-0.001441728811864298,-0.005669741549573617
-0.025705869416574267,0.046869732073582984,-0.05268790590277757
-0.03355880206588266,0.0035749341889502427,0.07823992206609727
0.0568086063506737,-0.016843654947586852,-0.0026325423854418263
0.014797768518238809,0.0007179226867112032,-0.14245781893198164
-0.0010743186636103807,-0.016485915938682122,0.0391973950572638
-0.047441090274311114,-0.0513770635329721,0.1151515600732486
-0.0008015373217348021,0.07894450419517349,-0.06453348627161694
0.05148850059116343,-0.0022876527779748333,0.05288556357269291
-0.015226599568185702,-0.006234191638859236,-0.21625005749255494
0.014439986622690857,0.016097521996180256,0.3123715333289622
0.0010718240426282712,-0.0033744663857009274,-0.3041482688771677
0.03966222629621687,-0.06513322296267667,0.323640659530247
-0.08396087883532179,0.027098380417637315,-0.14085849157309094
0.006163419197449411,0.0230523951955327,0.01430097200402565
0.04004461641505046,0.011766038084805999,-0.06514180943723093
-0.04191946492085442,-0.014847723012083236,0.06491735181822043
0.03137700887847952,-0.00023886401406323366,-0.03150905742655048
-0.012457199374854521,0.011080150811350381,0.037031546358591155
-0.012937789438583463,-0.03224928846677653,0.03812350337057856
-0.0027209522060604313,0.04353571238443021,-0.0741369946545012
-0.013105899751871349,-0.00205983435734697,0.0447266665777717
0.03866459468119245,-0.045748869017728955,0.05720562900177228
0.0070340288205666375,0.022364934785130814,-0.09272821893129991
-0.0004265285256475082,0.002166625938806792,-0.023543231054518953
-0.042466467692007036,-0.004468692031655124,-0.04692348057016789
0.033023811944973946,-0.005431431849114201,0.09156965719208905
0.010459604688393442,0.010328236194149003,-0.037943994106088466
-0.031990307323270184,0.0033516244115886096,0.09039416516343561
0.035061615830376855,-0.018600400692643623,-0.08104835944387499
-0.01938549955943912,0.012622518991019955,0.010713842849051915
0.012488928220028823,-0.001814139522625009,-0.016700236556300707
-0.013670698238033858,0.01320525179703289,0.07607759851454807
-0.0011715251153879436,-0.022143095343393836,-0.09523580229122444
-0.005576847933752973,0.01348018782507431,0.07276723914175957
-0.00457099345474683,0.0173823395199927,0.02367620052333429
-0.036223096286757975,-0.05462787418081284,0.020289976065989358
-0.0018654642322901882,0.03730478066541104,-0.19589674656897477
0.05426787361121446,0.02054564262896957,0.3003100010603877
-0.03017418013889821,0.01533521579997144,-0.04017277175187704
0.07602054174739593,0.00942830974175994,-0.3624191590810065
-0.06232142297010667,-0.04929384960692341,0.11578416315183372
0.017481214463086356,0.03791996933666839,0.15240459733791478
-0.013897955348733892,-0.05641590272242924,-0.19843622392388
-0.004394546470309863,-0.012501001879335227,0.23040877847204058
-0.00510912703959638,0.04307821593465651,-0.008777179887697413
0.021920029510752295,-0.021044771745702705,-0.093642946966366
0.04999539732674247,0.02825257146149724,0.03399593271295349
-0.019665503941787767,-0.003897888568349579,-0.07744093545753575
-0.06730945801154403,0.0019742586697142172,0.06628136421485492
0.04466259239091055,-0.00347098044085012,0.06805670824635601
-0.011980347906379689,0.02110960267244588,-0.18502124176600637
0.037598098710728924,-0.003842014609211315,0.17333310377079011
-0.027291105552664844,-0.035373362755710146,-0.05634715623939072
0.006328423368248503,0.01748568061120583,-0.015408087288284045
-0.0392229459011992,-0.02212266849123867,0.020581528375499154
0.00976344340145941,0.037248846180213624,-0.07186718912249258
0.013768664929769478,-0.042115861287755345,0.07877169093499312
0.008408662665149223,-0.09285394159102918,0.1633307531043168
-0.006013885170363505,0.12598610461424342,-0.17035422966712088
-0.014937228348810514,0.020173995968128793,-0.1469927441367709
0.00234214797020051,-0.022953438195279893,0.17299681180032572
0.03744301567975791,-0.01561500984690058,-0.04852846918915387
0.004856430108103425,0.012069248730130768,0.01810748962756591
-0.04809214309973635,-0.006753596882181228,0.07706437365332845
0.015498931682548582,-0.023593836073045882,-0.048763968070581566
-0.020535417931987317,0.006536373995347269,0.07114322130867241
0.006550724864023578,0.013375698789410216,-0.07006597919174962
0.004661243573170544,0.02285133412444175,0.011927675956990147
-0.005655532266318541,-0.008824197356138317,-0.03385540796295259
0.014519312419839569,-0.004518492969558081,-0.002083952835144132
-0.013908661785744908,-0.02959774208856585,0.03912802448996986
0.030088032931952835,0.008566534014635892,0.007982138022368445
-0.07067748874956782,0.09100246341477203,-0.18125303294160147
0.03893865368177043,-0.06924572027876036,0.17327987772623524
0.00534888093158945,0.01872558623038378,0.014227752544603352
0.02457381281320564,0.005425472665822886,-0.08271622417976504
-0.008394612815230794,-0.023349747249402517,0.009116618388697236
-0.009611056894868764,-0.012065753139772727,-0.00338361683338993
0.005308301429536284,0.012593261935666683,-0.054753321783597944
-0.01951773874564809,-0.03416245752067538,0.19123008181342996
0.026631107965768334,0.03342524654215705,-0.03945056646186096
0.010661386014632757,0.007558908651172338,-0.08767420895450492
-0.0007226761294201678,-0.018064648681346256,0.07969317865375224
-0.03703838898272313,0.008170940181554726,-0.020467170164555702
0.010313011572848547,-0.0039368743418003935,-0.09362318787297692
0.021616117082835447,-0.01197172566261969,0.017706160952405004
-0.022725063796554607,0.02603236093661904,0.05053981356241057
0.03921221862979131,-0.02463040939490034,-0.019805623828744942
-0.00925039126449692,0.015428923471847886,0.027815572988261074
-0.06691935854195324,0.02277338290645842,0.03415949456352929
0.026741828827837003,-0.049345540620720316,-0.10514416599184637
0.008763740852207427,0.03693073670396402,0.04052194527686872
-0.004866723583991259,0.014767764081128317,-0.04413532464862357
0.030607705353128775,-0.035664449917534105,0.01458473287300718
0.001731429562095237,-0.01247065139009253,0.10316892926584582
-0.042835583390651716,0.018540461250012477,-0.1794016974422538
0.04686361572694515,-0.06331528020833893,0.06818183056278826
0.0002418143925998084,0.06344634884156618,-0.021288624947372124
0.019949417436468803,-0.034759305438644784,-0.058952000890326935
-0.019047074813032198,0.047217827361021814,0.1361230414590562
0.021757760752693187,0.014711106691996677,-0.03725583597036799
-0.0222587383678043,0.02884619796549127,-0.01134058991298101
-0.0003539868743412589,-0.08668946355925101,-0.009860335293391245
-0.03223905524745669,0.049706243383436544,-0.06878464392759122
0.07033585643149881,-0.023424917885910296,0.024008386111737567
-0.013973165487116574,0.00714426638029412,-0.11428988092004143
-0.026941746751233123,0.02669474267466805,0.17792777552520816
0.08562868622553294,0.0035330359692636024,-0.05156456514082917
-0.055707065877491135,-0.00020568159630254712,0.004255499902673172
-0.05897670333359609,0.006335835448773075,0.028221258323054083
-0.004229990957002148,-0.057653253866616884,-0.09426226716160038
0.016502068240188787,0.03632470148735363,0.07306448702604362
0.02205249988358382,-0.03788196952570761,-0.07411017709840456
0.023946314724750437,0.05885806580968703,0.08936868075424098
-0.03563120732101166,-0.04014857668104998,0.10793214177367627
0.016550136050295698,-0.0024758159427669658,-0.114528207888043
0.041382757721815856,-0.0005645328331341703,0.13590202504917057
-0.035004781027095644,-0.008648161526705733,-0.1597943930630536
-0.005464053617655474,0.014303985374665408,-0.02828497258253476
-0.023106617597620883,0.002856580978525232,0.05591395077479867
-0.05161160177008819,0.015040093221835615,-0.03931053319296027
0.060381095536747795,-0.030086059521924044,0.040158925320571054
0.05507876360502267,0.036562512394981185,-0.01682165549921927
-0.030166104836847688,-0.024707137149662977,0.037004670132781484
0.006217852860306236,0.005216602367683922,0.02722167376597822
0.028510470236430434,0.03394845521374747,0.008868955100260036
-0.025478678277095775,-0.02677118294060932,-0.0999716263485259
-0.004401134137200664,0.021122893611685435,-0.05001728092469209
-0.029598796402785822,-0.01354796217685001,0.06640566105441724
-0.02790426583160142,-0.0029605026757427,0.028360013393200437
0.004082534195509426,0.020733703194280462,-0.06981937502742856
0.06281361827365281,-0.018643909492187395,-0.047027885508783465
-0.011913806025657525,-0.03243797325559404,0.20700361048279536
0.02354719039954267,0.03514406813095196,-0.10678454277466934
-0.001979487499959056,-0.0023555583082202425,-0.0049445410865086
-0.033348691710700186,-0.0012730870035704634,0.06549029393982383
0.0008183257410942701,-0.020293616613583147,-0.05744537883413753
-0.021245433233525873,0.023915475978854527,0.047600808405214884
0.007611696737356366,-0.013680134394571166,-0.13934910367945139
0.006027269945742115,-0.00839840471001958,0.15012066396407744
0.01843008418057015,0.017107519164802402,-0.06147934814140964
-0.04247055518368539,-0.011520424064505859,0.02070899765847521
0.056585931450078404,0.023816979488891377,0.004222541839316953
-0.005792193934913428,-0.01452613371346069,0.0021507463995639052
0.07661245919235564,0.014332789017112298,-0.07680890938693877
-0.07386141789696138,-0.033372874573733356,0.14618676454135288
-0.04269835930996898,0.03538603135277728,-0.10207282725482233
-0.000246444511004118,-0.00518934099159333,-0.017548046769658415
0.04150969213168258,0.003768435182352361,0.01971542631868547
-0.051410853571635676,-0.020744696343406956,0.017871511485003735
-0.013504248875742655,-0.0203629170412104,-0.02181495440657625
0.08459965712378587,0.03603748975275674,0.10639291489523613
-0.06074416874871022,-0.004816490197514085,-0.01839699149177486
0.023887577178546494,0.0064319107276059025,-0.02876729669515151
-0.010039014807832362,-0.01592689918614552,-0.1334757760345465
-0.01521485605013969,-0.009396439837419522,0.010719431520860745
0.04700764520803347,-0.009799883440188032,0.020462426643516576
-0.022288081079784177,0.057919438496396684,0.044521173551593934
-0.02947430764874748,-0.0276110848046868,-0.04212974097842699
0.03224108119703562,-0.015718503010068025,0.09558211673664772
0.05026761116939263,-0.0036976413610747194,-0.05163389339705038
-0.04190584515700664,-0.009100782842883317,0.020485309919820262
0.046116197604993275,0.023624870185045315,0.019927647806584518
-0.08409806291777454,-0.0027158984632852335,0.12806451632047516
0.016165085819413873,0.015339189174994425,-0.13447621002514673
0.02160291316092329,0.003773411868845713,-0.07762800443052513
-0.06452916552397225,-0.014956631556134305,0.029269724480255953
0.08011899018577338,0.017513824338386143,0.06024754599367707
-0.03425429082679316,-0.019479052551562414,-0.005888336606644735
0.01763234473264428,-0.0051991074096623445,-0.03064316355359482
-0.06496539920322328,0.032049933507155993,0.08085357808345407
0.05468811406882309,-0.03525223682321652,0.024761072436657212
-0.006818413624107613,0.005337527673033549,-0.15920123511516823
-0.02876755619073572,0.02530105383283713,0.1312473606785859
0.006986104342327642,-0.008657023847906507,-0.04266701167825045
0.08283154411599812,0.012900891060478016,-0.10926626505428316
-0.040121325337076456,-0.039944676986697694,0.163705682025236
-0.041611764016701136,-0.015595877973155554,-0.027724533558983185
-0.006471152242803972,0.03319457368827135,-0.03762044747028431
0.029314937597715272,0.006383952096960393,-0.0020766978742244356
-0.0022438970646682477,0.0007200390531233403,0.13241878598219123
-0.0025219500302805886,-0.014479727503274616,-0.16653350752377047
-0.03513575137812975,-0.002100558651602502,0.08463487204459368
0.06071215873030582,0.01987651726949239,-0.06607277899459853
-0.06171730450529122,-0.018313718827996785,0.02476018828923619
0.04556317680122897,-0.01839958842090323,-0.04396068916022825
-0.021828685827712038,0.04226498020902816,0.1076124679408605
-0.006896501407077018,-0.011144201819246184,-0.01966086965272166
0.017044924769974202,-0.0037049565440755703,0.029574389036923804
-0.028894465036254244,0.0017052554658022777,-0.11613781756314966
0.0599831901268408,0.0033207599582580818,0.02132917947323171
-0.019408343743549925,-0.007826144928815774,0.02235748166027588
-0.034099346985609624,-0.005791328634136197,-0.07573288568213127
-0.006261060910108553,0.0022366085507100485,0.0777424065731558
0.05690399433085968,-0.0013958378975866559,-0.06631713297584374
-0.025568480579217647,0.013002706601300255,0.004121500842955594
-0.007964016280667884,0.004742133356234275,0.04628614082696284
0.0034156910439951216,-0.04345087058349667,-0.019335740138867418
0.012128064588660847,0.008058309223746112,0.020898806405850002
-0.01880155295566138,0.024014438934110583,0.2652253738243261
0.005467671816671054,0.00104248480477227,-0.21744755401249766
-0.03259700721313808,-0.006292428905139076,-0.07311925647433302
0.05045588923100972,-0.02853846066584138,0.02704896297111655
0.02761360760303225,0.019884478555457986,0.0007552042106014856
-0.07235094157124318,0.02637100609278242,-0.029517626255637294
0.010435723755303232,-0.0011836701795212923,0.09016525813626436
0.007642702916349307,-0.018296283481203518,-0.11497077410294539
0.07128299025349398,-0.00029818196366296237,0.037272775659300844
-0.0035681553863310266,0.01050925211135617,0.013393438606240461
-0.018637015877169615,-0.03203813884071519,-0.022377937029937164
-0.02490890303425921,0.02136082185220551,-0.0056647452316546994
0.012828943396836472,0.0335426922039708,0.0834525445022875
-0.02810474716044187,-0.0060161508362234885,0.03918517417019068
-0.0037005838248133217,-0.03952646024387373,-0.06425943832550342
0.0024778597441734006,0.020663907811744833,-0.00913823962281169
-0.0015287095093934554,-0.025170951712787853,0.030620224617976914
-0.06833446827765784,0.0022403309737314813,-0.028160461117877303
0.0853092718691306,-0.012338071403640499,0.06112461104197535
-0.049849962477667945,0.011780376873340392,-0.0831296543156868
0.040341657084279635,0.01584046687051359,-0.015767056847207712
-0.0009175690002099879,-0.03601256112402215,0.03342689378668375
0.021878363599392294,0.019131142965201634,-0.052860514159087796
-0.02602905976635726,-0.005786515004418113,-0.024150665513036067
-0.02467843378001993,0.02998309406037001,-0.05865164147231281
0.032170507690991404,0.013614282922375756,0.12896750827375722
-0.03717771955563126,-0.031000364978441476,-0.04221891315436154
-0.07916588425722519,0.005439413102210018,0.09596255818843488
0.05331071688723076,-0.019488475202819176,-0.11151893745009296
0.018135303946418616,0.027759773067948218,-0.03861004987480656
0.08612001575968681,0.03294590154782456,0.11526253964543898
-0.08376291615819438,-0.0704057175581647,-0.01503177274603309
0.008999691372005465,-0.00011290849811421921,0.0028917340025072713
0.043078538036508164,0.009053531831100834,0.15066411018106318
-0.10858205071073886,0.04678822864828813,-0.22447117149668294
0.06678180719078347,-0.008219936383627745,0.11657235672144467
-0.016212077642345255,0.0437606677726948,-0.025619188266952104
0.042266666167870455,-0.06023370964373327,0.02275076360257822
-0.007304538245896871,0.021786664343294366,-0.029568036819911034
-0.017375992996691403,-0.07059583079284185,-0.06589438873474099
-0.038794334390260136,0.03514895336769278,0.0222456415111792
0.03272690146133025,-0.031549632205604396,-0.07382957239892603
-0.06629476120665792,0.03314062632978554,0.09524644924657096
0.05446112901280849,-0.00445162957702677,0.05160479840753247
0.009215483122184365,0.03503015396294464,0.01649087270444639
0.018041899920139545,-0.0471554687808988,0.06042340986933228
-0.047772652647186095,-0.014245365172171898,-0.0555505866555289
0.029786565217908078,0.016014378040205647,0.0005779420331505225
0.045823623751392706,-0.011394697420954926,-0.0408863221691214
-0.010407161520749617,0.04375130424595877,-0.04780969931952097
0.006845639571297597,-0.013258609842216974,0.0020050303106095768
-0.06105030351613564,-0.006523569899973225,0.12583927826772257
0.06915559287604198,-0.02441750313198213,-0.2747773601525097
0.025830555199362903,0.05327280234810386,0.07254772973030457
0.006659086439523128,-0.019374794257298086,0.12504343409585122
-0.06925796333690787,-0.011365528483951018,-0.006261546241488739
0.019744334879401707,0.034034402861165845,-0.0436854133978728
-0.006098809144568595,0.004881855880414401,-0.048761570225009765
0.018802183657229868,-0.0346957398396705,0.09782603469058415
-0.008844950140413867,-0.0008332458245673013,-0.008842193903735734
0.01991151517284567,0.017389259099386916,-0.08908196158467085
-0.04476487165079634,-0.03584904459070772,0.10321552747423243
0.0073581804277296145,0.013733006235136519,0.0022345896788426955
-0.006090175720406092,-0.0012358049424452666,0.0365808636115883
0.026346050391244893,0.0013429473272924897,-0.043994768592905624
-0.006923024692208168,0.02952706462262329,-0.009319089147270922
-0.017227825257226364,-0.014811937962731454,0.08079697758689502
0.035902054208520974,0.03779198081810154,-0.1441865271449338
-0.0014668360120539692,-0.010995729322742336,0.04267185630092051
-0.017334011310520387,-0.00517497223312545,0.09944543183890715
-0.03597228853864798,0.0013762888432808217,-0.02010910703927392
0.03554371453536728,-4.7019133943528854e-05,-0.12986782840683767
-0.06252097678067203,0.013030215897960194,0.14922905585170523
-0.051851644337312354,-0.033139037713160534,-0.05841747434696676
0.12272163201470686,0.03329386503774272,-0.006851156972936537
0.0230519966647234,-0.058332593272422635,-0.01444591687300124
-0.0720197412831633,0.04342877034728149,0.13708167997565165
-0.002143706514285959,0.0015213249741021962,-0.2358244592340182
0.036559291600936114,-0.06393405360274867,0.12015204381177312
0.005826661022311612,0.037095199274720526,0.015665371697434274
0.0706897217400764,-0.018560367556167686,0.215701181714038
-0.12425807059322497,-0.027991512692815714,-0.26412689222461005
0.040086070666038844,0.016828912742111523,0.026850274351950105
-0.04078473227619323,0.042426428113203796,-0.06720289358369734
0.08683895701885141,0.0058975310915595006,0.05755599122175362
0.00493373629966249,0.01119591695994365,-0.0896106898458038
-0.005481308077778344,-0.0538040101999084,0.09752096260010668
-0.04924644438997714,0.039230433412689544,-0.02548401578661722
0.04679545464202878,-0.01010287787531725,0.08495837967306943
-0.016709714528456262,-0.016680270779920788,-0.3030482874405202
-0.045269858686647575,0.03331655617263271,0.4150841114823993
0.05054857415555714,0.032725183751371366,-0.23307743875486253
-0.03413247200760768,-0.08079409205203686,0.054481088358697145
0.07875230501786185,0.024366966271651264,0.13667208411050483
-0.055483107511433045,0.011339835861848106,-0.02391789668239099
-0.034825205155015075,9.157325712799035e-05,-0.2966789085485557
0.04435157405235028,0.012683155385689916,0.14841128759416203
0.0018182961757492793,-0.004787986359244418,0.045704078855910595
-0.14438912968107928,-0.04598599105975351,-0.026193442393914412
0.10794738528009384,0.021218237389043004,0.07543388590639821
0.009793846508677985,0.03513351339722126,-0.0031995045462424976
0.010403972573543202,-0.03162150341962151,-0.1436388687342446
0.05616135994523498,0.00824057984827708,0.10837440606520417
-0.05832945204089274,-0.01042949011970638,-0.2718407421131765
0.06521917742446248,0.024755492581867707,0.18123928651225782
-0.0697703797709906,-0.09217811499919765,-0.1505064089417193
-0.04058928339590794,0.09171069498506965,0.08982631813470929
0.007916033415717899,-0.049277077005170235,0.26210815308333824
0.08847815210227611,0.10825522292691442,-0.13819632522629977
-0.0487682101113235,-0.10275812751735643,0.003351859455497874
0.028842738114149585,0.04243680656027657,0.0005024169881163409
-0.07760080655909843,-0.041139415993665135,-0.08826843632915421
0.0728410401173673,0.03258624216861495,0.05184206034217023
-0.038477175576091614,-0.02598323766791858,0.03971636767023616
0.03495966172290386,0.018943895777110756,0.09954102690466576
-0.02294774980800131,0.0026758784086165256,-0.1361597525161719
0.013570722395707682,0.025507253869190106,0.13922328396049444
0.07716008544333189,-0.034532220646242194,-0.20143955796518057
-0.12322859343520927,-0.018514894367882704,0.12004435878790297
0.036042092409988416,0.014492289333901738,-0.005520422257674298
-0.05042826115293955,0.007833719286133132,-0.05573337039132216
0.051817482425501445,0.002470529864977946,0.005271101798224915
0.008033197306984265,-0.037047930242203486,0.009185600599677546
0.04324566938738968,0.013729336791484546,0.03926121778389033
-0.07968525879827183,0.008539219325513905,0.036418607742846804
0.046110737746915174,0.017100265283984263,-0.11802576192018055
-0.032883493079719425,-0.00504160152587211,0.018096727316899132
0.021595370868385266,0.005694797542219901,-0.006923001579932393
-0.050640520601768255,0.009539419555419437,0.056420770681649884
0.04726457144932145,-0.015226434470197168,-0.06290083217029416
-0.00048096775514932757,0.005247440736022036,0.020783196918984496
-0.029476382992181024,-0.04533002293024331,-0.05172869556971395
0.011118947676687583,0.054362789419425746,-0.04876385267288321
0.0672805820592913,-0.035093624509634526,0.13240923215015543
-0.12150944941235961,-0.024376512090586985,-0.07403028843734281
0.06540385727575099,0.04428864316079042,0.09830764535181304
-0.020593404860852496,-0.0025967737079347943,-0.055585716056560396
0.04053171859439953,-0.0009460909229654036,-0.08991212878970861
-0.07247152189381127,-0.011320639557448428,0.08069667492130392
0.05794062176232702,0.01403517467656604,0.021127737863155128
-0.03502414748337297,-0.03602929420352884,-0.03297399914293186
0.022301016308557315,0.061659860856641074,-0.003041562669203115
-0.03132418725155193,-0.061236760876863076,0.002848650841919493
-0.007650877958775108,-0.013507437671631468,-0.0329904833759575
0.021019748324693725,0.037308094057820755,-0.0631282877849191
0.00878021710700123,-0.016096846800389412,0.06642094972677329
0.007814637624220988,0.03843667063429551,-0.012892958821472577
-0.05259666045857521,-0.049227160201005093,-0.08117136324424579
-0.0012911402373062143,0.014036139868592059,0.118068452197234
0.07397140530866053,0.023308406733039105,0.007182505494093344
-0.03359854607724996,-0.008780452441255675,0.026617870018603877
0.011820689240992168,-0.017540675680262793,-0.043746621820239404
0.0003008264364415769,0.03718845913242715,0.008485278238606373
-0.022896742543145727,-0.025223604973372823,0.011373988906379164
0.07140512384944815,-0.013672999509006906,-0.008455286456256985
-0.01645334056708446,0.033930016350090304,-0.020016230397488968
-0.05432710702552708,-0.041019228454355953,0.07681130623611869
0.013655236420303167,0.046453103195292,-0.11630304870529518
0.0016017330134940988,-0.00856641702469469,0.06787172051012141
-0.025133220876888077,0.01242663107044578,-0.04072691135374724
0.005028397089123451,-0.018576096004421318,0.01968584991802885
0.051179541416011734,-0.016654519954205204,-0.06074856324085633
-0.05299790494992426,0.029748242020889534,0.03394794714888222
0.005402402582772918,-0.028621430614319623,0.02727183434676287
0.017578018649448766,0.017520758979600863,-0.008135855857060061
-0.01826987875056696,-0.03459195725190876,0.0210807522462376
-0.0008961319485695007,-0.005486819973457298,0.0013197131119814553
0.00050232302366362,0.04549864475825341,-0.022283964051587387
0.006459643130241046,0.006995845555306915,0.16345000083837916
-0.023162606050679532,-0.026782491882383113,-0.13463066602836948
0.01290433079123059,0.007703517819678129,-0.038658622634955675
0.010969779957653332,0.01973580063987368,0.06071596071836984
0.01640324150845552,-0.04780524064004783,-0.02855431945123179
-0.022698208781801687,0.010128494025195969,-0.01988441708376665
0.005625425389424937,0.02900776444595853,-0.002787207203706168
-0.012682703642420296,-0.006333990557077555,-0.046095978520253045
0.008147697117310058,0.0018847503419849065,0.017112869621900516
0.012590870987712667,-0.005111391449446296,-0.027992993006923986
0.03534190884523598,-0.0048999284178668214,0.03973704431810522
-0.009759535049641865,-0.00023508040910417806,-0.08768884309010712
0.043239020514624193,0.007283891942867066,0.11703080353720592
-0.048678156333713495,-0.012754145215083508,-0.002701547520196277
8.535043502155392e-05,0.014973800882798524,0.003841880325794034
-0.011290044547231797,-0.029441092157185055,0.09276787986207627
-0.05236391706661832,0.026043413631796214,-0.17342073333263414
0.030157096726536867,-0.01778528501634266,0.08063959949861392
-0.004357069262696589,0.038294080849623324,-0.006257008029366511
0.06182127849579253,-0.030825934021416403,0.016743020290932
-0.0018452964791334646,-0.011318116878255928,0.03037417996520645
-0.05221789912922389,0.04546550021139653,-0.035263494597504275
0.08735006324955565,-0.02845662881408824,-0.03740060849251055
-0.036353704235928,-0.010239058770417397,-0.021972476410230632
-0.04227630608372197,0.013099069205996523,0.039487501162127396
-0.017533035175979737,-0.00902165218205827,0.05642789689397499
0.034741405566137924,-0.018771639869676237,-0.022877120221256195
0.02128030532367158,-0.020099140016271708,-0.07570013899309956
-0.04297468548495303,0.03936073954956747,0.024272608797691407
0.004208079420138455,-0.018421175376611698,0.06476445296761009
0.020496475935036576,0.0007491624549504295,-0.08323755882794753
-0.08563424425358658,0.04479490121232831,0.0302104399155036
0.1085297842429787,0.002371003579294992,0.0451398710025426
0.0006758454519880708,-0.08174896852855497,-0.10767400220700558
0.025094030981269347,0.04130362252156201,0.08180727796032017
-0.06959577324631695,0.035269623457808826,-0.030235636091177964
0.013571020018551878,-0.039866507646828316,0.06806056738708222
-0.0403261866689731,-0.006743983467112544,-0.14091638601194448
0.06830916802663504,0.03809595420443825,0.02769748257502551
0.042168776543262225,0.04449194671100441,0.0009634206334667716
-0.05977169674079988,-0.09008353254023796,0.08965269906204285
0.047047171445141256,0.0834753266268433,-0.09746636537466408
-0.09314878241088596,-0.06637326760502983,-0.02973586350405108
0.09032923185357676,0.02243482461983201,0.0427100243508987
-0.07088546346287834,0.01694125809970398,0.06719082821955835
0.022096398588357182,0.006510484619786778,-0.03022954159978372
-0.008573215466383406,-0.002467757688457386,0.0010579287631474886
0.0007743279595226937,-0.04108384197009499,-0.02724132608268632
-0.04995459360269729,0.0007500402975195186,0.08974010835163282
0.016825979461253047,0.02736247782942076,-0.04058452280519843
0.04196081891167609,-0.0886812962881483,-0.00773285233555324
-0.008951541899703281,0.03526849461580362,0.07496759514168976
-0.028367985414697143,0.02678384330064178,-0.01635810014362731
0.042054217624537885,0.030202789866463995,-0.061045527407027934
-0.004402285489915072,-0.04888019075551611,0.08315888037977076
0.003291022431506343,0.020501924559066246,-0.039253743243816516
-0.01846775395650049,0.043293444226121004,-0.08372775301137785
0.01552298741277856,-0.020203338628664476,0.042712450503943816
0.013123121140601247,0.01398537682087893,-0.04800477297810777
-0.0013589687210094992,-0.06060433171314724,0.05440012308792506
-0.00502258348157743,0.03128569423518396,-0.10490926799900371
-0.03421968005376226,0.04512916244211466,0.12744436011261875
0.010032111422550581,-0.04071678141843517,-0.07150834611099598
-0.039873026929845706,-0.013380073169579542,0.03222254559850378
0.03045079632905876,0.04646441953834954,0.014628761409504167
0.03394324530797522,-0.05423914618764561,0.05823672978763172
-0.09592340791228185,0.02136556952532988,-0.06390759551746132
0.06143671397972314,-0.02766063739191246,0.013086009712084616
0.003915814966767937,0.061292314688016505,-0.03219552245762239
-0.031139635502690954,-0.008496358786183737,0.0006834856795647237
0.02550020896840705,-0.05375158801631761,0.052730077698571465
-0.0072096107937512114,0.10530444957293233,-0.03391867265167111
0.004526910686308048,-0.065390280099648,-0.08044996366444579
-0.029853946367790804,0.010606854500590436,0.10373725008979993
0.04132399689198476,-0.025721228759402665,0.10074702013198099
0.01661685746973097,0.007444665495632918,-0.07819119348589788
-0.08516356131739763,-0.0919221190325941,-0.02736894647222215
0.10696316398411351,0.06789697945091534,0.08098658941686876
-0.09554853022528718,0.04279425075948584,-0.09248491114190091
0.061608178030969914,-0.02915749959910295,0.008917910227928533
0.0012908429367442587,-0.008124561144892342,-0.03304445755948782
0.013418727047491244,0.02458543794538473,0.002733741249419297
-0.04722338635108137,-0.040037274956208624,-0.027338293159840033
0.06376861099405179,0.025330973140152802,0.06740835164365053
-0.0407217169674478,-0.030158183080125092,0.05720636647835176
0.05356093041118345,0.06344225449913593,-0.15298217991394714
-0.048485908097720645,-0.033556427360335477,0.05467573700716786
0.042459738126759856,0.012686263416229315,0.05179095047056361
0.01684767042114231,0.03722925127539311,-0.14204504629577885
0.009998957776864898,0.013034050431118853,0.08141597056315783
-0.016191150970322653,-0.0003777739828228821,-0.0224353986165492
0.02573205581662322,0.018929247081852115,0.038072530589118345
0.008114094808261401,-0.045224788803030866,-0.06479966958104261
-0.0089961839929696,0.032426631076362164,0.03921661234861478
-0.002451874159471905,0.005794505523313633,-0.015055546382185979
-0.00659021980943183,-0.02648764187405126,0.05445726825377772
-0.004369305714675694,0.018262048412824524,-0.06612806714206294
-0.0027073791823119466,0.006945682961529034,-0.0896949645737498
0.028281917233354815,2.5212798963636375e-05,0.10654465558622768
0.008597975552312308,-0.009119816950400672,-0.11540136283093372
-0.0007961919968776953,-0.00789724324365904,0.13016552290735908
-0.034402670835015726,-0.025986474985893748,0.03293652038715723
-0.0026532181655488825,0.03031612301210437,-0.06333728507959413
0.018591445758276058,-0.009448708311042837,0.017919698028022304
-0.0021978966098843773,0.004870725393849966,-0.0020883438479908324
-0.005151527980837035,0.005181270576156116,0.05234727344537849
-0.030924846334055477,0.010833393095864405,-0.3262486959298841
0.06735505575098252,0.0026602407482575786,0.32022654639516185
-0.029078581859830813,-0.020182081612092374,-0.04458233255005404
0.009336397080788279,0.017298054157555542,-0.12440506023238364
-0.03769063099419605,-0.007662726391997668,0.0802730809307398
0.034636066757121,-0.01504335946265943,-0.013612651734050536
0.0031028729443190305,-0.0033350464166345796,0.026432946199807645
-0.02118341476870422,0.015488039356030395,0.004681836943405231
-0.005184645113887949,0.0009715486985250355,0.054568832246954024
-0.018428568441379457,9.040158802349874e-05,0.03475060007006908
0.02086467750442171,0.01029495049952196,-0.10918087987335469
0.018190121810335014,-0.016486254989565498,0.02271473824791987
-0.02493667167639985,0.023800417894854698,0.019101801067318673
0.020805904896792623,-0.006985345206964268,0.030035826770161325
0.002435374628356084,-0.009904654998563389,-0.03567137985497329
-0.009816982708431489,0.013521418147884212,0.04981241807988553
-0.02942583818803861,-0.019785505600978436,-0.11462013285129277
0.031083521702732177,-0.007592852569480613,0.12134314594511957
0.027836809831766264,0.015738433927255536,-0.11920357044584001
-0.05892012677815024,0.011639907150606019,0.038856404166722966
0.02656640234570943,0.013507768137093423,0.05747798335730717
0.022530743302579235,-0.03536677086297269,-0.010339525472378144
-0.018393582327956043,-0.011013796450343923,0.013991598872144876
0.006238396995672397,0.022803216809322863,-0.06562282973910152
-0.009676265259431785,-0.006569435788230793,0.08888320274563691
-0.03078785223582486,-0.015425254704005117,-0.01730979778837858
0.04779873131065432,0.002144846793923545,0.0011068776459966245
-0.0330397239250992,0.018389915605027375,-0.03509737269278695
0.017953150211216524,-0.004484497244600929,0.03068375412715528
0.013769934863963561,0.005208869281929456,-0.05399062619974217
-0.01958856334924754,-0.00048798921159836083,0.013950562265743595
0.021119843769632655,-0.004925499658775596,0.034092841872359295
-0.015893396614684932,0.015185171487845235,-0.008926690181992413
0.03250153986486295,-0.05117619725695368,0.019568791662202704
-0.017462425443820647,0.016137286282405947,-0.019220805779289262
0.010709174859227746,0.002853434310651135,-0.04452300835851522
-0.01642041840943199,0.007643982228643704,0.030777918505326064
-0.006460907368303993,0.0014516796495168682,0.01358438755400357
0.021395803674465443,-0.0019613081264401753,0.042218931162921684
-0.03361663816077904,0.01866104883291662,-0.10284876346008538
0.010709672378633107,-0.012314663084766692,0.0021840000041316366
0.0022711265803076986,0.0019751487411379465,0.011658624632024751
0.0007080855002158193,-0.0034728408653028754,0.0051566705090315065
-0.019876258371588698,0.004299382883695468,0.051617482382871296
0.022352321879281167,0.018120090098494846,-0.05521631554404095
0.012138420902429137,-0.03566476298333983,-0.0007713960106878082
-0.005670309705072674,0.012824064571408514,0.0393449168550048
-0.021998744437408194,0.0025405065656644464,-0.02276063363792165
0.026531715826134828,0.010049776217984174,-0.009725764248785396
-0.03327378838565849,-0.015339607431269008,0.0029553982052672855
0.034971348844207384,-0.007555104240747621,-0.036652888087012184
-0.025008707569639525,0.0028021586258628784,0.06529513560529014
-0.011116441353681894,0.018295017094876565,0.03345107802292253
0.001978985066514957,0.0011664657955409562,-0.026147068505250413
0.02780080748880826,-0.0008653780404978928,-0.06244864863761283
0.0016631139956465569,0.0022193160529607025,0.05132557575438951
-0.007798338384383347,-0.01955349305084508,0.02660734204381267
-0.047256870214895386,0.037140730636872614,0.019339465428072865
0.03792419371337095,-0.016413234432885816,-0.08894773287434286
-0.024118745635802085,-0.011152168589418966,0.029248113421893554
0.026289582314788486,0.012221639984805197,-0.0030796630733905127
-0.014548167988222822,-0.0073950466151364224,0.02140002631936438
0.031816226620403926,-0.031323871441144124,0.06507811928013688
0.0017862134306666543,0.028455481179382208,-0.09921735985664724
0.02460412412923061,-0.0031840880235013812,-0.12023753671914557
-0.03258953099087126,0.01899287137867474,0.1269066005995307
-0.02537699338586216,-0.016325071447704013,0.04773916821478313
0.07849571704001101,-0.023282980087559406,-0.0006762130194977623
-0.06263018285498947,0.030186241197162088,0.09419193900420163
0.0288475154319503,0.0015258176715248427,-0.20278789619264856
0.01906000801993448,-0.013213023096347571,0.12607602981847602
-0.04879011203857118,-4.366225541380775e-05,-0.14784353096778768
-0.018233213223823357,0.02721851543491046,0.13874452256437178
0.04650991373645365,-0.049908649684312356,0.04183946704303531
-0.027335819551226583,0.016192090330351655,-0.13848917894406865
0.007006876123937067,0.01187948071749438,0.07114179311767799
-0.01090439967951387,-0.0015057963642275852,-0.0707315768061041
0.004312760973771805,-0.01693994592619255,0.08525571267519888
0.018540511141591092,0.014613655582993683,-0.0046592893375024145
-0.014824084711111124,-0.008449667101795573,0.04210108365573486
0.03373032968820486,0.04197916669317637,0.033388331674579635
-0.02151779157466489,-0.03403453651773921,-0.0687110950490798
-0.03284327747165158,0.013561092658893808,-0.08224106475266918
0.029810018425996662,-0.01969597023904874,0.09516057240881627
0.0027329235693243394,0.02994324019103726,-0.04587298992910018
-0.04053657933899808,-0.0390494108184711,-0.05309528468792268
-0.013297652760385397,0.010507425942515795,0.044930632246954726
0.03972112546771797,0.014110749137183305,0.12195752680115018
-0.012559278394839639,0.00677833784606225,-0.17103226097044064
-0.0015067359558856275,-0.014655350496480708,0.03842591925136939
-0.00013858141378482623,0.012238030991197992,0.08237814987424312
0.025022094246109582,-0.000859901410183288,-0.08094826347740124
-0.03665885175722372,-0.0033947688324129288,-0.022929604823292066
0.036623117091810646,0.014594560921063282,0.05156469413239973
-0.03763924797000928,-0.0017496770916746928,0.08659007295156808
0.022914692510194047,-0.009190369933701925,-0.07996273150598787
0.00681080848344004,-0.025517129025091973,-0.0881661605373018
-0.041374586886025584,0.015730211084234752,-0.054439830778938506
0.04406074372852329,0.025807085539082193,0.1684775948423079
-0.013087165584493193,-0.004370494678594099,-0.06291083952200656
0.00645896449495725,-0.007294621373484267,-0.05907779931237447
-0.007471213518983978,-0.009622233908987532,0.096702573497143
-0.003538957790063575,0.01329223694039666,-0.0025675176871253623
-0.019667714565307075,0.00926048676585646,-0.18723355467657002
-0.040677986724984426,0.03031976720613329,0.16207986265523114
0.09715487594736733,-0.025468614358002344,0.08743441995031048
-0.01652437186799971,-0.004894831702845898,-0.10974040906164109
0.011678033062950456,0.008051187212373306,-0.12405116966804303
0.0006782771029946311,-0.00782259845163093,0.05835846022520979
-0.03255679442873968,-0.016025901031824143,0.09968371492567721
-0.050921021097556224,0.018958814581774813,-0.12092060834161504
0.035951811475663904,-0.04027140873155586,0.045144335701609535
0.026200970858843483,0.01807010471616815,-0.03115494734743307
-0.05037823191788116,0.01548162125639772,-0.04495762727040967
0.015007202932628489,0.017762319169922092,0.0675322804724479
0.017740249750017333,-0.04219641155722174,-0.06602588296173022
0.0563903915043668,0.03200717619331564,0.04774343791977497
-0.04522800945269076,-0.024466647030285223,0.012794159638083027
-0.06548436853347633,0.026128203073750057,0.03006236756542867
0.06884871247441261,0.002775626222020402,-0.014895965590626866
-0.023880966889789423,-0.01327299304146032,-0.09255330225587528
-0.02260213706248801,0.009296619498551721,0.13245465766338732
0.006191438227667403,-0.017533855888341242,-0.023418188823117372
0.02309106157748705,0.0020430176245217566,0.015205177659573294
0.0067389014949814415,-0.015983236952542973,-0.024233652206024664
-0.034918839966516006,0.025338238898685674,0.026370190690508125
0.05198631988787098,-0.027169498334179386,-0.10500242336309454
-0.036101356919726296,0.01243573733551112,-0.039289732676341844
-0.0017803951911882288,0.03495034928598483,0.044313376662177585
0.05314291676173701,-0.036409402388584124,0.0020490715221759357
-0.04064696125359818,-0.03287147041036886,0.08449571437255048
0.027370658715147732,0.05176975644197201,0.04176716267929146
-0.0073035857118693035,0.010094720055496768,-0.0680532016458726
-0.004923832536380278,-0.018093726286549695,0.055962822724279396
0.010853956352524072,0.01059909159536832,-0.13626317929788756
-0.015511437805237725,-0.01818229575680613,-0.006855788051688166
-0.00655461215093557,-0.023447192507279953,0.07560238591823917
0.012194191701496786,0.024775926716974494,0.05395544288815567
-0.03229844808133075,0.02663907723798751,-0.09851219616562641
0.004689212135119553,-0.022928304059131054,0.21833827264064312
-0.02204558072683766,-0.0073063182149631966,-0.23758907864060497
0.035444044442038386,0.024282046669940948,0.3458087626805699
0.021094652005793257,-0.05370400360793081,-0.32190781214781383
-0.01841417202931821,0.06597104027831882,0.04134392916865628
0.0031212204603302584,-0.03415865639523656,-0.041197966831476834
-0.042814188574753075,0.021721110794055743,0.1067956270800202
0.04909107873225811,-0.014332483502068772,-0.049921519636629046
0.03260156824786399,-0.02194029298156506,-0.05852691875601355
-0.07342263095024025,0.05497361913420157,0.04793917680339521
0.016754289581497616,-0.032859436998218604,0.07038626244887478
0.03874481371050249,-0.019462416367248245,-0.01276667933787266
0.036947550143806136,0.011059604819989053,-0.26934577269786963
-0.10259825218345071,0.005591127115466854,0.32518593423819664
0.06046978623292489,0.0054068278780861154,-0.06998372007620667
-0.003521203592732578,0.0087541484695263,-0.012851512562792176
0.02589111443825333,-0.010849825952945702,0.015249476594053535
0.0006251224895998276,0.007583803296735372,-0.06511825179760469
-0.03184555887888808,0.014891316096700287,0.037166579498415814
-0.01414909585494617,-0.02978195438271393,-0.0034664785339007364
0.021437617706384166,0.01182537927126532,-0.0307633437146803
-0.012945863810343803,-0.031300163084563334,0.09936598013490329
0.007070221898435314,0.038806150270866126,-0.028936966579591213
-0.0013427547467010203,-0.010626623204740624,-0.0431071423243658
-0.05643685782371244,-0.0006476684963924928,-0.008228403075518633
0.041661483304026026,0.0043345680774670645,0.013880121215562497
0.01529138814969831,-0.027026889864465168,0.036239366410287924
-0.013237834862811498,0.032486881986223286,-0.05450824943376354
-0.01261623273730311,-0.0420023012935227,0.019874247797572426
0.03006553427323956,0.04232569997045735,-0.034958935261915736
0.010059547027133657,-0.0773699271861456,0.045849323719990114
-0.05081610849572067,0.030204472017993807,-0.15409290090700922
-0.004277697368617446,0.016600443707074176,0.3017007528560227
0.041553116193424174,0.019541714688080514,-0.15195654815713402
-0.02970987452815561,0.03726591227574631,0.0036407631684494037
0.004285100480085884,-0.023347031001441705,-0.0030871363189107904
-0.010265888580959288,-0.014877438462463713,-0.025146592162852262
0.04828982728285362,0.01640523197185866,0.17449285702074505
0.0030328292749875496,0.011354395457732105,-0.15621822970813798
0.0424060160349328,-0.030931778956492576,-0.03207861037244133
-0.0407791010344687,-0.029165828317858057,0.05736748408247629
-0.013324490590019798,0.026447528343256376,-0.0501829911728
-0.0380200738343965,0.02226252684656062,0.07909876451218766
0.08226961415929178,-0.01789626123311267,-0.047353500386458955
-0.032753320455019844,0.016564637466297168,0.0317365707328489
-0.05950358762031225,0.004478813166227811,-0.07782488966266599
0.0335496191963373,-0.005749612323828153,0.015948492193957088
-0.03212674407203906,-0.004274245257859075,0.0179402771013244
0.026253669166852758,-0.008033597270664323,0.03185432301374083
-0.0019241089218088425,0.005913137301011826,-0.10831306824358025
0.03793311093306039,-0.009492770527487239,0.06460151809549108
-0.053994432505872964,0.04930754205877382,0.05066474211231021
0.035046932648295184,-0.048713020829827515,-0.0860983798033557
-0.040539067341724216,0.03026205725683557,-0.038373439618630566
0.04101926003164546,-0.017398990201212997,0.1779642723268507
0.04177410451402077,0.03953383629048226,-0.006908637492935572
-0.009023065362747005,-0.017726034363967785,-0.12339214872002048
-0.06490125072336478,-0.08392209944603117,-0.07023525353286213
-0.005852023731648792,0.020497295961467578,0.09058002610064314
-0.0032887246400020854,0.021064426756891665,-0.13053821754139924
0.0023057693021949176,0.022015826244301005,0.24499816158781937
0.041912458644120874,-0.00874463102078586,-0.21677879317444862
0.022282739888546423,-0.0020631836290606388,0.09204353102033139
-0.02731810378983255,-0.03515285628185904,-0.0217911486144277
0.021777434129430097,0.03805154700852793,0.09548182659158541
-0.038198457520740574,-0.01839893585822054,-0.08607612232858543
-0.005490065784924649,0.013120987657473044,0.006564627880880623
-0.0010712182278127668,0.013889972678908312,-0.0067697268087527716
0.011898989634817468,-0.023399438481645697,-0.03375203882599986
-0.012586791189086266,0.018285556890270904,0.027989928039462927
0.019232101034635244,0.011452137629780843,0.05925153405418733
0.007358454667150889,-0.055649816750552056,-0.03057372610784246
-0.01370988225462067,0.03719446014869982,-0.01736072023404846
0.0330833060193729,0.03124697554560763,-0.008778781397421054
-0.02096629755200002,-0.03733260391360048,0.029033153814427656
-0.03408848418070048,0.0003448057743402444,0.02414798511982406
0.03521378211270739,0.0143088482302546,0.06518546321632361
0.026630656063556676,0.0028892275687067404,-0.06244808462694278
-0.045634111563617824,-0.018974948851886993,-0.03525988868857808
-0.022870671286346015,-0.00031166090457589667,0.026189660821035406
0.012844782223206104,-0.019261179550567196,0.1045138495358276
0.039927710247480194,0.038207326345515755,-0.09690630298552876
-0.009556746066337057,-0.021441002014582818,-0.05652496721698116
0.01785817409528705,-0.02419173172271955,0.09604075735572142
0.04261081834708422,-0.00787423908662097,-0.05466323727603088
-0.023183618817560224,-0.0011588945227567037,0.030758580213403778
-0.03751698773887821,0.03797944920119464,0.0033428558302277867
0.06596433207036637,-0.04428631453355439,-0.022419506302897987
0.007301888905454916,0.01740133192654515,-0.05229992482098447
-0.04659523324705833,-0.020256256651741005,0.09711840021837474
0.02694420782725195,0.02418723276238257,-0.013914805383545996
-0.02588102669904346,0.0016699651636892909,-0.031282886265511574
0.03828441082673332,-0.033426376577833816,-0.006811824721825133
0.022382818484981293,0.004614959873966083,0.10044999203009818
-0.032050531433287024,0.044888118723910714,-0.010165793028842175
-0.017859716909168714,-0.04166323265576235,-0.10164740200973509
0.013874627419170083,0.0184960964223791,0.03497234276472275
0.011483047916397631,0.0004072096757288968,-0.08067453049869186
-0.014514778668390025,0.013675474564966343,0.23241553127753364
0.06414111684701351,-0.0044036233058551665,-0.08552508601178499
-0.0853716676989454,0.01848570791875943,-0.009431404250331532
0.042664684394511126,-0.06231189458421291,-0.08740090114594584
-0.04967548084077163,0.05573310534310709,0.002293008642140013
0.04776059098036251,-0.008314851312782708,-0.01899509413013246
-0.025207345145754057,-0.0371740920685042,-0.023835444395381725
-0.018506383808052026,0.0456112705331737,0.11554088674336307
0.022915822276065142,-0.010819847587794591,-0.08557244167713264
-0.040595204503605056,-0.0026175567882223126,0.014100159245127565
0.026158455887456675,-0.009035787431782048,0.15933697817021308
0.04111618274401395,0.009049871300236862,-0.16442443892921563
-0.03487340773064106,0.01199478113745018,0.07480414712035338
0.021691591555428574,-0.013017135868316022,-0.02626903956497793
-0.07657240505062995,-0.0059507090046458,-0.04339171646408482
0.09080248458210109,-0.010400062094249166,-0.013631794672423661
-0.002063715262112381,0.028367845328987437,0.050120718835869056
0.035895611976404056,-0.0223789385856446,0.017214587364456815
-0.045111573299530666,-0.010993199597266176,0.04642547697491361
0.004355781243258741,0.03904884734611321,-0.07704860507402808
0.03620087914678341,-0.02866578712404422,-0.07257718916540071
-0.0245638636817241,-0.021620227696390205,-0.006968028563526312
-0.022505886128624395,0.042330464878894664,-0.014633362278178836
0.02224813448067748,-0.04802982064865105,0.15629525482157955
-0.008004061481911929,0.013227112965919696,-0.139756573284435
-0.011376969929409056,0.027696925439912007,0.12847984374258015
0.0030516271175169154,6.24758983211482e-05,-0.05741282024256189
-0.025069644786899305,-0.011727821570042795,-0.02028440820481052
-0.029191996249114772,-0.030102211684401182,0.07981863898928837
0.05698320594372744,0.01633470214031748,-0.0715466651004314
0.02441418973300144,0.037549888667803455,0.07307463835202102
-0.07255005221569769,-0.009732248347832843,-0.02043763581307787
0.06263936531867928,-0.0075193696142731616,-0.06797074881866093
0.004297280914382835,-0.018894441742796406,0.085210327807029
-0.010120750033321033,0.056014845312563996,-0.12439440105822888
-0.026766937026519732,-0.04519113262605632,0.12824074439254549
0.02786538271385115,-0.028774807620506947,-0.08577861466521843
0.0015903060813588965,0.03775351208700854,-0.03854924753067127
-0.024884447004778286,-0.005482818464043478,0.15360382159108818
0.012920558531556185,-0.01549911788819125,-0.03118404319978307
0.0020722050178448546,0.007201291414520079,-0.0660457865658415
-0.038872675663242685,-0.0028013304148506004,-0.0032170088556715726
-0.01894156205300849,0.023503405171428432,-0.03234336025195626
0.05220778129487117,-0.00011778828232909433,0.09484671021825633
0.018039000219686175,-0.011466125899075159,-0.14080340818217102
0.020373210704656364,0.00633420822729538,0.12971527347812642
-0.047770101910618104,0.00402556986214436,-0.0716978393528197
0.0023902859785756812,-0.007938121708340979,0.015967901703538658
-0.020341131053622247,-0.0014724345992146847,-0.059589531076730345
-0.02833513140888611,-0.0009562383467619284,0.13948239937837656
-0.00885667793763556,0.0036091626861573457,-0.003408823708380919
0.055451834285847657,-8.704522405798442e-05,-0.05503735508114424
0.010689307264717403,-0.004432284375069866,-0.005724352222748284
-0.011043147914103279,-0.008596405410616547,-0.026596179584009515
0.030849845249540007,-0.029839691947804673,0.05547518006839746
-0.027037899998672427,-0.005075105563861513,0.062273504271714
0.022775372794114887,0.025891518663463984,-0.11645995133190742
-0.026705899494900348,0.010446506871812495,-0.02538378027904047
-0.00445289785081908,-0.013798208523885717,0.09910084757184183
0.010917555995870916,0.053212604980525276,-0.011098058593237061
-0.011482443362156806,-0.035495219242021044,-0.016890520638981395
0.014695730063823303,-0.0325917151900382,-0.03123521610110461
-0.03527536782106215,0.042811186482621985,0.1795309563396897
0.03663994251999198,-0.0019910922233656336,-0.1555692355493357
-0.018010165852618346,-0.03571008417146681,-0.006055919176154347
0.04625360255107392,0.05052504041672398,-0.11636476149702785
-0.05504506407762696,0.009360237078288192,0.059495763326895074
0.0646112235766888,-0.01733513669329546,0.06858711987888375
-0.05197691231595213,-0.030084222397237435,0.010221991076124155
-0.07482427353828751,0.009729013975092755,-0.05744108825046425
0.0604592043357047,-0.009924099088636033,0.1019767705880348
0.08408976370502934,2.270951338280369e-05,-0.09631301221457829
-0.07166327380856347,0.03178525502620457,0.018990777117090404
0.05493130024399718,-0.018511433842380073,0.1194369690200086
-0.002629011159063763,0.004823943878108032,-0.02333064515461433
-0.05570708929697647,-0.001475446582311335,-0.06564958890708888
0.03447906192561409,-0.004523732634351543,-0.004921569859129651
0.006182696616180983,-0.012733836178129995,0.013803383416198103
-0.007180941721104206,-0.000993392537275497,-0.05922912598141568
-0.04582992888321657,0.014277156385164034,0.057199101488035566
-0.012536615482334429,0.0077601610017518,-0.0768439696021469
0.05998160379403224,-0.01939344533165336,0.029360734482958204
-0.009292714256251857,0.012347874267587213,0.023058776713082273
0.0031098407985449615,0.027687004790265063,-0.03841424169471547
-0.010826127102121512,-0.05185680041183821,0.037377840892293374
0.01655704902831258,0.01488617387915351,0.030236794365453668
0.0021699202098744764,0.005844386247895837,-0.08446678281080773
-0.01811586276208305,-0.010251931216954056,0.012191870516753625
-0.02435130745925367,-0.0025892014051303214,0.030182349681982225
0.0280315830769642,-0.014009565527550323,0.0259928240150316
-0.03779518770630649,0.03464255087339779,-0.008351271010352362
-0.01005595425731185,-0.017275980968355083,-0.046296601411513316
0.012049602093896725,0.009561013538644279,0.07646590518618089
0.048308454771053624,0.001232017614654941,-0.04152207073203368
-0.013606338529256275,0.002661473840779749,0.05472107010971346
-0.028448643129304525,0.025740209655204502,-0.1806947045863058
0.02970743858354168,0.003992317402787151,0.09790959846378168
-0.04075302047873704,-0.006093852754276563,0.1033165201247262
0.05449135627318664,-0.018944933884016225,-0.027712879940132665
-0.04503169037815041,0.005878854836061773,-0.11131010898620324
0.02811177203186681,0.004977606637519543,0.11623134208948283
-0.020788379316477174,-0.01418251981714727,-0.05933030672589248
0.042806627200473554,-0.0012914901302834637,-0.01716522691868704
-0.04916371343329015,0.04973359094928384,0.013803020802167075
0.09210934370396844,-0.07334496009763537,-0.001922515878048019
-0.06746951248725008,0.02700878957260425,0.006214421672263528
0.03688469942876141,-0.012884435925602924,0.166353904755942
-0.02832996061395204,0.029717649812488568,-0.08886291208316428
0.017727590747772696,0.015619180443319145,0.04232785109625883
0.009930206449332846,-0.04011310322876831,-0.005176058154689178
-0.03189286692177874,-0.00734249691744516,-0.026744507502662582
-0.0228177336771674,0.05646971546570605,0.0314022181928889
0.020778950999793083,-0.0510847873644103,-0.003948962314538043
0.03397137008019446,-0.015680709512109415,-0.0030592816203477992
0.03327311946456548,0.021115930630830063,0.040415937255635546
-0.025707566969107264,-0.029610307502541833,-0.14015085628803783
0.033958120736462184,0.032020522748489426,0.05548126241849639
-0.03987404088845319,-0.015058727328113202,0.05603764886287682
-0.012122731641593089,0.028718804766692765,-0.08760369715675699
-0.021801330541617352,-0.021925557292708328,0.11282587434161431
0.009932050200090472,0.013038371574437498,-0.13002900093559772
0.02425707075500931,0.01628013010886461,0.023475166150050367
-0.003019726972688934,-0.012422678317229909,0.1681443963081604
-0.002654784836655235,-0.0188830067267045,-0.1494447366328753
-0.01093232268500643,0.001959995284512743,0.15083058350270276
-0.00796841396481986,0.01869622374556446,-0.2222799178117466
0.02241413469345586,-0.029782445581004176,0.17498905294616007
-0.024320378534387763,0.03528646871473173,-0.00923329972050631
0.02144684322311542,-0.018671040425280658,0.04195002728491584
0.020697053339244806,0.023385408374372644,0.00410083222246568
-0.03550892788201945,-0.048812230083620456,-0.11040472511037545
0.059462735766163205,0.04150474603984943,0.02189707591854332
-0.06712201898629382,0.00011338633498987783,0.0005179598080972969
0.02646404032497482,-0.018720967139386743,-0.013724183628371077
-0.022555376672100814,-0.011477209425241063,0.04500619106761894
0.04037628285317833,0.03735368673043954,-0.11282152933226935
-0.041398235416569173,-0.04075095739959834,0.07669661317004958
0.01772581301992383,0.004735397383628479,0.010064018075098246
0.017184664357747858,-0.015950112436499603,-0.020138217737971403
-0.002250290079966959,0.03556704866037611,-0.021240236977613083
0.010042807440981889,-0.028684820995160606,-0.004768576064647494
0.016140383804008042,0.10140186639299294,0.01947444655676488
-0.059472159507492066,-0.07077850962093797,-0.011213960186742597
0.021795758437889657,0.002623307558557846,0.052033581939618136
-0.027952251965039886,-0.01748421842427133,-0.052059476074143844
0.031189072052890322,0.01323774365019247,-0.0029781640640631755
-0.010195629204998608,-0.015214082219682465,0.056527041878388584
0.01591064963363341,0.012112842139676791,0.008897232245709234
0.002577332074158185,0.02947662464750242,-0.0661146270122595
-0.008989423083486103,-0.004475870811938005,0.020033988785887108
-0.02618444327641799,-0.04134982459429397,0.012172897822663523
0.012298915917166711,0.04859649366686246,0.06284990033887744
0.0037731346175005893,-0.009448917393874243,-0.05075438820909619
-0.013739212141629991,-0.044562484325222175,-0.024520230070870775
-0.0024606980736947203,0.014270443805642748,-0.028984471979793824
0.04327973258380644,0.03348568058536354,0.007944233226267104
-0.02259175859704026,-0.021997030793170502,-0.06451903045177523
-0.007362386390824987,-0.003154910561338191,0.1198377778030583
-0.002249245912858402,-0.0321245973279371,-0.018997031220543477
0.013522546345215974,0.015728957402143022,-0.056247123395356
-0.007962339544395895,0.009449765408901993,0.09985289180202603
-0.010596597159153159,0.02029631189714852,-0.054193261132895125
0.0027269817126284648,-0.0010655600846314962,-0.014406275108803839
-0.012010184844632343,-0.02618324821150803,-0.018595519916456596
0.009894436143516589,0.008005082731966748,-0.03617411394744148
0.030188341963344946,-0.03958362966245325,0.11667751808161472
-0.025610382289502676,0.010040019087871528,-0.088469226288654
0.015143058822963955,0.06198258943464907,0.11098181496282553
-0.03248605034941164,-0.002637039561099659,-0.104421143328724
0.01365757217589008,-0.044559709491297866,0.0143746093210006
-0.017583229218924985,0.040073088182113636,0.06728311343492248
0.030849033489784183,-0.023763141713447008,0.02607617672777041
0.0009586969832440118,0.010511197915035844,-0.09206359180652195
-0.03618212196665701,-0.022593129793918507,0.017062682453938428
0.040762472232097745,-0.00046193948842827127,-0.05761022972111554
-0.011761960840319574,0.003161855639234674,0.07913654747009696
0.013755983802122968,0.03848769223324949,-0.04867957698560597
-0.01710729490835325,-0.01580620967155763,0.07200422948631952
0.04044618972216432,-0.013791211970092285,-0.09930343204845565
-0.06316831573761186,-0.007222096624265202,0.08268066983824603
0.008058520784816545,-0.002871311013817577,-0.009816267142115817
-0.026506547339418828,0.013544622606043668,0.015875860675053356
0.021022632123085333,0.010258117521178854,-0.049131717343681894
0.03402153995217625,0.00232995173222724,0.028319629571778134
-0.007586941644881553,0.0013361050348447102,0.0007669855608957477
-0.005468055913627385,-0.013392015065989612,-0.05275635836054713
0.012271791570358247,-0.01575732811129644,0.14619223929007305
-0.016002278939339396,0.0024634223035503488,-0.10359910455338482
-0.013860091759678705,0.058284462468864345,0.021871592068311824
0.03082134158881138,-0.05252832211166883,0.013419447014429875
-0.017967610255401716,0.027065996721591254,-0.033613894522075645
0.035491217349594296,-0.05393417845150937,-0.17712495225022923
-0.02678880706788567,0.023725761618389917,0.22847986183933341
-0.0839367474719129,0.04073544289042483,-0.01685909340212781
0.06603206262035707,-0.052737874824198575,0.033751823802658974
0.034636107026715816,-0.013581887650616506,0.009803949462201868
-0.087754848308569,0.05450886639421655,-0.29839508745005877
0.05260288506420055,-0.061572384833247756,0.3038832991991662
-0.01927639049453799,0.010784722344176635,-0.3997509318830156
0.002681881744832033,0.05583053054767131,0.33458076949532484
-0.03686094006029796,-0.011545205746993687,-0.10875875220073362
0.060806196935532374,0.014550880209554879,0.1351803416793098
-0.014479784784871648,-0.030338654449407764,0.08077148975498086
0.027282427927626824,-0.024369033954120472,-0.10452508950911003
-0.03973617173543014,-0.00666389612967647,-0.03969433582245834
0.011517878912275974,0.0276452290870791,0.01855413965740901
0.038569942355711644,0.04705883127437389,-0.06879723640404223
0.003564119970342565,-0.039932168444465094,0.0015162515108844677
-0.021303855328328108,-0.013130447887908181,0.00463997991836739
0.010273205364685602,0.009714916708475164,0.0976829047317428
-0.00825175836052313,0.019360616590782094,-0.03071795162301358
0.030046191467928116,-0.018595873036816868,0.0701746596411986
-0.028013547104435696,0.03621074133669441,0.08810608779158521
0.0979024362309891,-0.05211115194458618,-0.3395962839265789
-0.07933662848697975,0.01115419741810534,0.3338710834617082
-0.043129340597644464,0.033344960423027425,-0.21724899208635576
0.06754615884657836,-0.028120642735988747,0.0813930512039435
-0.06880765561688934,0.012037155790922523,0.04714508943483983
0.02981668037985235,-0.011381673502230835,-0.14818483171525046
0.014796954175166431,-0.012565636820618876,0.2384216613842293
-0.01960932990877271,0.04263503675971397,-0.1202987538056507
0.048066979882934534,-0.0256489418624732,-0.034487036752428535
-0.048846558415648805,-0.008561365310694092,0.010633883649196516
0.025423733320376327,0.011528619239031652,0.002624303732699509
-0.01472155991657643,-0.026832508366501903,-0.007618770443050629
-0.03151079507058689,0.013395530066886643,-0.07582664350742345
0.035387317138746516,-0.01100743415394847,0.023786875758978025
-0.014335140758396838,0.042399699773283256,0.11139176418962009
0.10234377580437969,-0.050035054524028094,-0.19863260821967557
-0.11070771570773666,0.017042919432166296,-0.02880840373562892
0.020515807878297307,0.008693387430204282,0.1575770373123624
-0.031016720734812174,-0.021228907889458987,0.009857070605614675
-0.014884616440281384,0.02360409387808786,-0.06948633908937145
0.06554793412493659,-0.012598899176723254,0.07730002298952092
-0.0391717203701005,0.030199680887248403,-0.05559221463443136
0.011643038250747315,-0.039223659616320405,0.05979541099479682
-0.03386037042170193,-0.0010666991761465372,0.03811386028501606
0.009894979726496998,0.02557921731294277,-0.015459703387505469
-0.0334608247769724,0.008546734812786028,0.002526445595894362
0.05543245106144104,-0.026117230707205952,-0.06579839883094517
0.022352594454844374,0.00948088812523734,-0.04138890950665974
-0.03442349210392455,0.030666931279223188,0.2244301224719423
0.027224335541930867,-0.023188410449056746,-0.2195723518302816
-0.012835290822936668,-0.022061258524899915,-0.19590730337817575
0.0013707185763575192,-0.004320215393973221,0.2791799720139993
-0.030142134960384266,0.029918034638163213,-0.12427544872603016
0.027142778820600778,-0.03901352283770881,-0.07992683171991664
0.009365824635056858,0.046717850180564874,0.26158899267429225
-0.011410178672902642,-0.005592775782867107,-0.09928372094974952
0.016036394671600132,8.657254099926349e-06,0.022450347685911004
-0.0272386828730741,-0.016383312169998828,0.03897194251485053
0.015885383367236848,-0.03069972826581248,-0.040817746731031584
0.008820725165316316,0.046188399550473026,0.10688811203751446
0.002007217300733606,-0.012817754745173904,-0.12583753221974978
0.010866814621077785,0.010306383361670633,0.04144256068534844
-0.026738352869187222,-0.019158305066318517,-0.02964191368307677
0.016380903065154585,0.02401342568422701,0.022880546538281542
-0.021860672089084328,-0.019599730747560364,-0.06736226080094235
0.016292054577551354,0.0016036690683836775,-0.031060170244424493
0.004200910805888909,0.00593650987301936,0.09994055896252427
0.015025598771249395,-0.03484197014367614,-0.053496051698061174
-0.09401970012434308,0.05884436861002005,0.013143782354685114
0.10967932728146518,-0.022668815063349987,-0.09143645634168618
-0.04009352574655396,-0.00817987176885886,0.143645018939708
0.0032500077919226378,0.0016125275974816766,-0.1339368973446857
0.04723599696778747,-0.02575225467719623,0.0969424895496243
-0.03610027139508361,0.01476947504659817,0.021201976237299264
-0.0016227916654458464,0.03575246687054338,-0.032281494779173275
-0.010606910291484412,-0.023420159059634935,0.015715373211156985
0.00019936764678008423,0.0011018794573552705,-0.03796499312921893
0.021539256360885453,0.017190350196363627,0.03458443543278895
-0.012565228260297321,-0.024557247733950353,0.09851580380473876
-0.025480469366213006,0.0034607306363165025,-0.15445340772525318
0.027631971955227243,0.020827647696279143,0.2716649481164163
-0.018236057093095066,-0.022183797034357893,-0.16274361395218728
-0.02247262414531987,0.02581032954046268,-0.05968294482364337
0.014521387124930635,-0.011391635255833706,0.05839754723559978
0.011527887955778773,-0.01218247212065306,-0.047256807787263454
-0.030565644361606345,-0.004368372066218029,0.006270101164928894
0.04145663316951856,0.015401539553380576,-0.06649217420146139
0.012503211007423935,-0.014360100530904045,0.09316682890276909
0.007549906263696222,-0.010395463518882889,0.0085348147619777
-0.01536063610471123,0.01613916279957948,-0.04325174423398963
2.4710194119416107e-05,0.005805873859043214,-0.010270424250602525
-0.00889485731748501,0.0012446899449338434,0.025027345617580896
0.010443988417612555,-0.0006533839022788523,-0.04112439181693748
0.005173795355522009,0.02838559557698104,0.006590562825153639
-0.05140065979800711,-0.03324656801066019,0.04777515030817327
0.0771633323644396,-0.0035334185261183503,0.03753256688809487
-0.01109472054785813,0.0019473976348498834,-0.13876562326657693
-0.042089715408708595,0.010493978762092303,0.07007109537239752
0.03243229625720406,-0.011710137776530693,-0.012670702619739167
-0.02384248173274855,0.009254653612709314,-0.1210771667522663
-0.02010727734515224,-0.04613816945523444,0.1512988277439936
0.006034883808783924,0.039865171199474594,-0.06716314877667211
-0.042418137717540355,-0.010538259946375948,0.17428960287510736
0.02431636135988633,0.014822828378657782,0.01819235530924246
0.01858223794523679,0.014866343264062767,-0.09639816020188594
0.03715922952565233,-0.032619129535804474,-0.021871312753435533
-0.01760100768107877,-0.0055690096986764906,-0.01801055693403229
0.0021109202511676362,0.011600332759335329,-0.0197380369554439
-0.016962593532264533,0.021283754148309804,0.022791156420920205
-0.011957801505974714,-0.020257042576778586,0.0422504279193816
-0.04090588917464074,-0.020058982421289357,0.003262245668720176
0.029835125690676385,0.017807668923207808,-0.08782724250417594
0.0005735699970549124,-0.007906699850778605,0.06672152327094756
0.028120383176609014,-0.0016678347543129313,-0.05602735472534184
-0.016865089447815125,0.0231924924106341,-0.001731315994204472
0.007213222135466837,0.005830003385382643,-0.043074663564729915
0.012863893609143074,-0.027832510898214764,0.0661778329358564
0.013940848670618115,0.04405477380720807,0.05046010427873002
0.029872163118759527,-0.046572340623633364,-0.07164103366286756
-0.04359467041863296,0.03806824813410932,0.07817303467028182
0.028483706582865535,-0.032360309092562496,-0.05634300985490108
-0.017937632812101863,0.0011150723287123832,0.029269508878842797
-0.003353423366226371,0.056461137446451364,-0.08356179172289799
-0.0031356526342487044,0.01358788608706675,-0.022417547345265767
-0.000452668433161707,-0.04940344660632281,0.09914094793746116
0.005207693287706036,-0.011478661683840867,0.014693097783054413
-0.015961370589435503,0.0007608508762797328,-0.037317973672818014
0.016545909239612782,0.025055963443100095,0.041121458263288134
-0.0031344734097087023,-0.03555462793577599,-0.050747336052305345
-0.030175295051992786,0.032255981948754536,0.05308485852324372
-0.008006292350797776,-0.034607737143031406,0.006291737398536706
0.006530979865844182,0.00776507921796153,0.0002506512803274008
0.006046700328507204,0.013164351439677877,-0.07795118191574754
-0.008703657986627329,0.0177256316264735,-0.05117787400764203
0.023673377448717045,0.0191839813858779,0.11757991766332714
0.0018765791947784871,-0.035769901773395674,-0.028082056327562804
-0.006326042442910667,-0.031379282293472706,-0.049122072832366366
0.007786601997496705,0.013039379527388349,0.04674526191006116
-0.008201641088544995,0.008903265034602637,-0.031098101029790205
0.012122447813033422,0.006982870472158531,0.0129161571337597
0.005265949605362588,-0.01822677861477242,0.059702067793548544
0.0028637187774183605,0.011033995223439926,-0.10691193924199632
-0.01707612640444793,-0.020764205832808455,0.11460669386994372
0.008064520390073429,0.03551938568838491,-0.04523393617505377
-0.02687289002913944,-0.02398132269136406,0.05955924898592133
0.0444146033760067,0.02664430446634862,-0.07606256252894848
-0.013189159082437339,-0.03063294171414424,0.0037402815607268463
-0.02912127846884098,0.020335076481091806,0.09750748156625598
0.03372457187319087,-0.006132843115725777,-0.06585001343314838
-0.044315481179634804,0.029151491110528144,-0.10018688858535242
0.03942914501077508,-0.0575956581798629,0.05094641067784637
0.005584797673410255,0.055900636878614934,0.2354579780062288
-0.013827692837408373,-0.01351993649052413,-0.3728073976142248
0.036575108549014426,-0.02211277065351922,-0.06109650475771926
-0.025118969616308887,0.005867623218494433,0.05323521375109458
-0.01535831833134318,-0.016046306561265166,-0.08852989984023646
0.005339133855932465,0.02583384275503834,0.05046567611175505
-0.054283127414546196,-0.021638035749317535,-0.1071768383624931
0.0340485295740452,-0.007259404079584986,0.18215559853185453
0.04905643237493594,0.023063778509333145,0.06141596847728783
-0.07347875921072186,-0.003623765879643912,-0.15014808929739162
0.050898858925242506,0.012840274520723031,-0.040652879601112496
0.009380418857408585,-0.012755329132836106,-0.01309973350318769
-0.059423469280916554,0.011773159444562236,0.09352185506741723
0.05231377953220775,-0.041011709580636886,-0.07286499047167165
-0.04134435210411183,0.021633401262190547,0.11201906135359728
0.04007336746474777,0.0035028733737331574,0.037650408497040495
-0.017226742391729853,-0.007002436440299285,-0.12645318273719316
-0.01455981947074445,0.0011551183787136398,0.06816456930712872
0.03069582007533594,-0.00029734849299849263,-0.02460526831502044
-0.0027049891435190878,0.015995547694008766,0.027275908644449412
-0.004885841651917458,0.01597117770928647,-0.01674604261549069
-0.008900174050575306,-0.028351738480664804,-0.04345326905136015
-0.01308274789838868,-0.015054081472884596,-0.08628583959432234
0.0022667382740826445,0.044460920237796096,0.09385927769983494
0.02630571182571635,0.00038978924141312097,-0.003416143544349275
0.05019217962003867,-0.023516960958891026,0.06188128946921542
-0.0728991596610617,0.038252589562532,-0.13807222039360517
-0.02297206046745753,-0.026611500617721582,0.14356518519620645
0.024959038463255152,-0.022755051493580824,-0.059234780470518535
-0.0031915197208307157,0.005365251521689034,0.13151030293415428
0.036215769976630355,-0.013264709339542508,-0.19473695024141058
-0.012731041922423199,0.01590765435023345,0.07354284098793024
-0.019752860774689202,0.02403643880011127,-0.004427187145080964
-0.013690381190772918,-0.01945107417569777,0.013593101844350555
0.04297999050824875,-0.010658992985117655,-0.03803968988426831
-0.09932133460449158,0.0038071780005317123,0.04000861173865593
0.06411963271965938,0.017069217346524505,0.051201652620898964
-0.02002694514347983,-0.038618077048355806,-0.06345527527615322
0.02793370520449629,0.024318967779522794,0.05284936818671183
0.02277609071448271,0.004604751472766982,-0.06783719044372204
-0.046601847466415866,0.0028356551286354303,0.1512295152902339
0.03963549911353919,0.0007484478081299439,-0.0686852585375885
-0.013797357678306416,-0.014310401283471106,-0.11404631389248823
0.0026305329195195014,0.0010490945880549684,0.07134618044937915
0.0378652546533647,0.01748112139084423,-0.12590746502093844
-0.036589804556999145,-0.012462046911029461,0.052820447434478626
0.0007742107777842566,4.271243903507305e-05,0.0503475490109836
0.01392118758113428,-0.0017344252285435323,0.06906841659500323
-0.0173744044514645,-0.015569401236604925,0.0027501730717431807
-0.013253123912945506,0.01890172137214282,-0.1160958806480911
0.04104098918971717,-0.018793175261396386,0.18377204153610108
-0.0073252758082579025,0.014962596850499806,-0.15290949166816423
-0.034734523159907195,0.005363237241265877,0.013534420026630451
0.013848153589599016,0.00427927317820763,0.046231702972785144
-0.013966486442329349,0.0073151716385785924,0.04191271913383507
0.0026033576182398297,-0.016472613754627937,-0.14432346935987783
0.0008532891292656508,0.007720792694065936,0.008007211288599833
0.024789124846061054,-0.00449497580359443,-0.06272855496708822
-0.01459715014128348,-0.0006164095774011269,0.08140149119978977
0.009379556128631741,-0.0024370880922625206,0.041115199652412004
0.02379283815042104,-0.029951974094786414,0.08701718529823368
-0.029702472207423742,0.021404145798948112,-0.21979074594081346
0.0007145392329312128,0.014522863672792478,0.10032880621204526
-0.013953936440076862,-0.0031230192435463835,0.0508251331287669
-0.010465195875340805,-0.0034617333624846714,-0.0615357403612978
0.012769959886537703,-0.005835390524387427,-0.08182706856636812
0.018930025579648176,0.008389146999538183,0.24438670834353973
-0.045069418048461866,0.009759940843427871,-0.1295805812988455
0.02942207373977241,0.008628311395378214,0.12970475151965197
0.017613098134373114,-0.025445493822920776,-0.21335685307630115
-0.0009611046181123384,0.01700233107353989,0.09932320067105117
0.012593410459303378,0.0031949356865257792,-0.05400641665703001
-0.010036179625131343,-0.009830698232334924,0.10337364203664105
-0.04504885580715649,-0.009272562481384004,-0.08482260665082501
0.01847030243846405,0.005677136654753916,0.06800182520796161
0.018127819508200332,-0.007574745891307711,-0.13288055492381887
-0.039203684272684475,0.008107892946098226,0.09010696933781283
0.05295484864580627,0.011208883086270572,0.005584146420092768
-0.007020224237473469,-0.01861773733879686,-0.047883477156131546
-0.014981812828679395,-0.0024651120947329374,-0.051990394011145524
-0.011744350143078286,0.017211748450675735,0.24046653712045568
0.037528258265353276,-0.0032823981736719078,-0.06122224286824055
-0.052174343485252524,-0.002216903994341779,-0.07808975588656245
0.003366529398994684,-7.692497855928071e-05,0.06550973162250073
0.011615618005575765,0.0015042917954172098,-0.11915781607026013
0.03612674504310367,0.004575100030494194,0.1317620153609797
-0.013112936719870577,-0.01182751174043597,-0.12515921020581275
-0.039452637746933784,0.02493465878708226,-0.041384810914367416
-0.015653472203125976,-0.012280626029742647,0.16892960233427629
0.02894665250141236,-0.03817026378813737,-0.11175625372105365
-0.01635476946250924,0.04081466575303436,0.006560598515713441
-0.010254076515536715,-0.014530087493162345,0.005126530088250085
0.06658302262955669,-0.003937145096549397,0.013339190826381691
-0.014063511699725409,0.0006854244897770112,-0.02250525981901985
-0.009247817314269461,-5.652322829200252e-05,-0.01399302269165501
-0.012342473946403264,0.0017779297085564582,0.10498189965809317
-0.041857868430323214,0.01570583903428293,-0.010412369714326993
0.01948505202366502,-0.02688402732170842,-0.09026833739563948
0.03312148550620433,-0.010709958329394436,-0.07056382974434731
-0.010032727989370473,0.02805300017926636,0.05221435080065689
-0.002536242286507977,-0.017086988248496134,0.09136673269999211
0.0029747526834541537,0.009011249776660292,-0.1580276803298224
0.015458275727309316,0.03263866977682584,-0.007920564972584749
0.019033945669800767,-0.022207494175457133,0.09593996656088909
-0.004194114204518209,0.009549202003818768,0.05724668441270567
-0.0027118877321820546,-0.0037321164307966503,-0.006359881871032309
-0.04405201492686552,-0.036440738769468954,0.05497385410889079
0.022258869573521158,0.03573252947879522,-0.09291570584133747
-0.05087752004124845,-0.009077905838595062,0.048749424473060875
0.03794055684401464,0.016564372974099503,0.04295657154364804
0.024631667814034506,-0.04194450390052135,-0.1657093909254145
-0.002318107109098353,0.04363413828922427,0.08255468010127576
-0.0243529028255957,-0.028154093854424644,0.06976182660038693
0.011198477202474785,0.014590841809705388,-0.005890095240050428
0.01845716537479677,-0.0042004462186851525,-0.017764283224771395
-0.022957988093400418,0.004865438881911138,0.00339705547604912
0.02724032392837899,0.0007416537328598416,-0.0834298329811543
-0.01839460698181729,-0.005517420201038563,0.06790189304888505
0.0015235888692440866,0.02515760964772416,-0.0058505069578340145
-0.0428212968973241,-0.01782367027293745,-0.034474185876469034
0.03348459626196252,-0.01413191373995602,-0.02901228520873238
0.05498856025523715,0.006244395058018917,0.07529050979524904
0.015896543626365355,0.07016641199577806,0.2649400752633534
-0.01440402778256443,0.05635994731489447,0.0232159297902016
0.07262077611379443,-0.0768186397585937,-0.05732931814161581
-0.019585719627632798,-0.00022102437195618664,-0.050119874220353584
-0.04649565275573382,0.010820300196493165,0.05520667199080202
-0.0005420569376214424,0.010326588785777267,-0.13706713727973327
0.058185505445155654,-0.0863921022216834,0.242397389825211
-0.043573917776011495,0.09413992599801765,-0.1730299206894891
-0.008522030090927455,-0.023723038093306448,0.23716475626936465
0.008482959765383082,-0.027313140030716082,-0.21094847186925683
0.10232998332872068,0.003631011542344096,-0.053350452265845255
-0.10980484168821171,-0.006481423835420985,-0.01159467134510523
0.0892192020136136,-0.019887452292087583,0.1369040920605606
-0.053131044649027785,0.029259606954629546,-0.044450295528273384
0.01384202566958819,0.011331318019766102,0.1250845208646064
-0.01651193125438734,-0.03686752732700788,-0.08164230561723607
0.08362491270411467,0.11484048832176186,-0.14584257205159218
-0.09803853323843136,-0.05787457450626219,0.06896616099213804
-0.02940588749408606,-0.004446431680894083,0.04992197582053624
0.03133756175420312,0.0012160070960600944,-0.0037490133271854196
-0.012359678290215946,-0.0441879813045804,0.006263210414889269
0.06766318561213672,0.01990175951211665,-0.02970658733484905
-0.03295177790441803,0.011312076824704037,0.03845269156121958
-0.0013853031177513174,0.03394949913068276,-0.03468055881834528
0.010937788175190333,-0.03689592229091161,0.04141321690030066
-0.03358804669351154,-0.011599508835577333,-0.11692951572944908
0.01092701880559059,-0.018119500915195177,0.08033553262169602
0.0013614005568327902,0.042225782948773015,-0.0038438870255384882
-0.006960130634100916,-0.027858304423213555,0.0012363986187705932
-0.0766612050784788,0.0458092150154528,0.1346597664834679
0.13786433302386353,-0.0566383915640121,-0.06219324172493605
-0.020465039498015224,0.029432920814551337,0.10103545615736735
-0.07901157523121533,-0.023013383328256615,-0.07725169034124979
0.08183296053510616,-0.009908247717095593,-0.054508069157397365
-0.13467202058049044,-0.03954732275217882,-0.2663455026142145
0.10567708754737153,0.07441152499479467,0.19296447571601785
0.05546861852215393,0.06073865958828252,0.2657770728753521
-0.0764883468425581,-0.07674450875605351,-0.2848163067966613
0.000792320739543777,-0.00651883544909996,0.06393990427341908
0.0015024512774044151,0.003398579029041793,-0.01780427632853563
0.06503462874889158,-0.0029636329994985468,-0.1901282210762954
-0.047644847524667196,0.00624107256915444,0.13532533809045608
0.0339055549655932,0.04407118978510804,-0.093129454467488
-0.025069853851351524,-0.039714280509972714,0.044294187888618025
-0.020398717937845524,0.003733221852309079,-0.08853652007295093
0.031884964077370466,0.0022950741667417418,0.1665174399007516
-0.05590713340720509,-0.009032830675441285,0.060196524071037455
0.06584443531951195,0.07223420329223393,-0.14454672440880434
-0.021221138266585136,-0.08912254037254107,0.04354257105988169
-0.02256456712878182,0.002252348918918976,0.09409617512500226
-0.049502653898569914,0.03245063857254099,-0.014777107913554102
0.11759472847891438,0.015416485985815348,-0.018799737099520278
-0.040510230285997616,-0.07504695848046232,0.0051427230959554746
-0.047804004427481145,0.04613066355552672,-0.017567921072420205
-0.005671312717395977,-0.008869893795996857,0.009291968492797373
-0.043858291210229015,0.021116350136108332,0.17443020541911697
0.06711327987463403,0.033441218777671616,-0.3182734795537008
0.06285078413210136,-0.04164709334635896,0.08636725747086839
-0.05802571457914627,-0.009043769811140159,0.09244115223974562
-0.0021739685507119067,0.018679061515637516,-0.32336352254244893
-0.009019706780367115,-0.012964234526991768,0.4269753319129936
-0.02083265674381479,0.03732374269378976,0.004973173531884427
0.002031808184293573,-0.03656713445260354,-0.10475072823084286
0.03346219116000874,-0.0030565031393487586,-0.07641222489562631
-0.01632416502707947,-0.01469274088120037,0.053032093528086674
-0.0010796973368384188,0.02496093585752991,0.15158569732285337
-0.009538171925281717,-0.007401139261941134,-0.1258391328102276
0.04045358884384048,-0.0029435465705967088,-0.03646551247418286
-0.040779037479062426,-0.003069820967363839,-0.013836553159460979
-0.011746954983173368,0.014428337330625691,0.03567133711855439
0.03847729261910849,0.019096873975426226,-0.012470217717857359
0.013537527326477781,0.0008471342945348414,0.08499080229504521
-0.020389129883646086,-0.032792865276048196,-0.02749981908774096
0.001111837335322362,-0.01855902007021222,-0.12192666621004843
0.02309740263308909,0.036088718510731733,0.022793879735720814
-0.04534739949860618,-0.005152770969350211,0.09437572482001802
0.03225177225252875,-0.026402794760770742,-0.1306033558745122
0.018775757310759554,0.011977643641010206,0.0029689811503884746
-0.03607135587490284,0.017597249156101284,0.11703688656875365
-0.009917616901655607,-0.076170044376261,-0.296703686245353
0.061162437566858185,0.08917986453876761,0.37972817834918743
-0.09116287346763434,-0.020801882289811332,-0.3243439364239324
0.029941047707305296,0.004689567905998535,0.14692806983627593
0.021154443634838788,0.0062561537679940125,0.08620641647348498
-0.012569919388288078,-0.029417689328844893,-0.169314467814046
-0.01292779552755961,0.009135387348104516,0.12104930927652725
0.010205469005862161,-0.008478033223032871,-0.032364493898783805
0.02727006216192263,0.015535659160117916,0.03664676506133838
-0.05246117937175028,0.022670214208526007,0.13889119755520063
0.04944724044167871,0.006274977242768962,-0.02313064618303665
-0.017443909191289717,-0.023828614908910594,-0.13027096170030183
-0.009647617868663883,0.003369418414264782,0.01050316404353953
0.030283576458324992,-0.010304916437390066,-0.029111151854547712
-0.018250951595971638,0.011035791529973383,0.06532733324475662
0.0011058014768451495,-0.020119912353998827,-0.02444470457656408
-0.020277419771399706,-0.024524818581934574,-0.038976971202678096
-0.014037967033791001,0.041399656944423616,0.10050465223739458
0.05120601830481435,-0.0035992386396111443,-0.10024781117319755
-0.03816044219984125,-0.0020311884281275106,-0.10016847457644683
0.027327072591605314,0.014506863842957856,-0.05197438358955255
-0.05050986837218045,-0.0558464538201733,0.3445857068354782
0.04095746039607127,0.08509484074813517,-0.19242607641558862
-0.006761595665655267,-0.059057778775539596,0.019248317287245853
0.023113191768399436,0.02464471538445842,-0.033727874237039025
-0.00533104836805038,-0.03481357223524217,0.03736052682031374
0.017931271739605917,0.03673370569961837,0.06740741530410492
-0.04341341111281525,-0.024157645206730534,-0.12952105133767144
0.020537598441537446,0.012540998826068659,0.09002790501623588
-0.013792055413832415,0.00884370582938451,-0.08081659245868904
0.015009905932381966,-0.016146332345867976,0.06453910763228397
0.02214890990100309,0.015258123294613455,-0.01760819117727676
-0.01040751887948567,-0.010936232256775763,0.02043976163627291
-0.04107712779621319,0.02102515399338877,-0.0019109435412188924
0.005394151688177758,-0.022333365120703327,-0.027821901973124615
-5.815549982385093e-05,-0.0014391653886019463,0.11919098005569861
0.0006391497111565858,-0.009299644695987137,-0.02219161513945699
0.09086951721024886,0.005056367614223904,-0.06268991799883653
-0.027542191552615794,0.0218596777552456,-0.09899666210905814
-0.05754208581631973,-0.011473398128664379,-0.07188771691415305
0.06538174336504948,0.006721171226672204,0.3939518287782359
0.010517220646214378,-0.030359738741654284,0.10324810264860211
0.01627306888482074,-0.007959502882099744,-0.16258839924459917
-0.009730596181208542,0.05356733813962007,0.0883825822224617
0.02191506846933287,-0.030412952707256618,0.08333702510250664
-0.030741791463780727,0.028930745002374792,-0.16818816471675027
0.057616148387991215,-0.03500897211034173,0.27315608300324135
-0.06602057341853387,-0.002603413438057611,-0.2564164072223843
0.035504682814533825,0.02103760939101919,0.0030020770556888187
-0.01707787565016138,0.0026297120323300715,0.09600503242504722
0.014482265796910308,-0.022502729173653115,-0.07259960000412385
-0.021921838043928124,0.011461748984724495,0.04660468483454338
0.04846868475846447,0.019620661651107447,-0.13935072661820683
0.02498762009496247,-0.06068118786571846,0.09910636767510575
-0.009916120917006199,0.030782994642259344,-0.02506580864738496
-0.06604566289493531,-0.005430753206616976,-0.04228444680463318
0.052025823444437444,0.03845220191605989,0.16920598630637126
-0.035916605191182366,0.014820420810363952,-0.1488355376768744
-0.02503166897738704,-0.010455602630161973,0.12371493297836986
0.021083959530351307,-0.0185985695974564,-0.0796551534610861
-0.0051864011752062785,-0.004449535670431128,-0.003477876492522061
0.04296794424170651,0.009488800235150396,-0.010463534489009892
-0.04355456656231929,-0.018140987003733865,-0.06628277710958265
0.016029771026377464,-0.019903069911106214,0.09339506308722192
-0.013334543461140318,0.0132841621208628,-0.05540278483392878
0.04305279848098126,0.016939405965546567,0.17718394768144854
-0.026755285422823648,0.005380777316611356,-0.1786888986643926
-0.030192969433340742,-0.06261237238902825,0.031295256965724966
0.0381891457350354,0.052093688522486,0.14808025869533922
-0.03450374097790961,0.0253107930515603,-0.09436723997703471
0.051423807889574374,-0.04197626828043845,-0.10749522685269469
-0.012866068588723483,0.0036213009643766545,0.106570864801138
-0.033078903990136764,0.024402122347503143,-0.07220700539507276
0.09309244328197179,-0.046569722023992205,0.13161793924326062
-0.06042464783952231,0.04710928315211893,-0.1484109882335525
0.02179377526755645,-0.006390914336340714,0.0785154855133364
-0.07990177428181428,-0.0021175795616378413,-0.04312841627796757
0.08341593348142881,-0.018999204740635493,-0.18355117695920292
-0.04562287528151014,0.01502091046673355,0.22511657303215746
0.01169785269085042,0.02466200097055603,-0.0782541765731031
0.006494693710458157,-0.010119830018979705,0.04706866452157238
0.0005415884815203498,-0.029447343934261242,0.059026596341320056
-0.03953541263826946,0.02839123355737854,0.004621384263749238
0.012657963569523591,-0.003938223507478407,-0.03140409000959412
0.05909316419557437,0.02275467471609529,0.16169955030493746
-0.05355331536840132,-0.044432731579596804,-0.12609814869583846
-0.03246346665490713,0.009174066826661519,0.05064424250323141
0.03357311077899386,0.011823836981652009,-0.07484244271453351
0.002047730152687033,0.01970037446074219,-0.188472591600704
-0.0027781658565350065,-0.02190074367443213,0.18124781013048177
-0.010927529246051362,-0.006597703286156031,0.007853421767105923
-0.008886403073838776,0.022933129983798473,0.0817379538823797
0.0958544711165682,-0.0330320074029577,-0.24674619198363973
-0.11576306680884917,0.012773994255887468,0.13827129330869087
0.03340814002559107,0.009413397111901887,0.09825931405328074
0.017332102117413213,-0.034021962396260076,-0.02593409148496663
-0.028788640248976913,0.016202176044637077,-0.21486591098749588
0.05183450107485203,0.014035677701969833,0.1506554542907323
-0.0366393342911939,-0.01806528871451796,-0.0190043709197716
-0.01988804516303997,0.002468735689206132,-0.0980312467282735
0.02482124335233169,0.016150621325423414,0.11373211677535877
0.02625498404359571,-0.01841377493841053,-0.03376507958358601
-0.07447951402028202,0.0073716837899200985,0.0768773619860178
0.015574283681796173,0.039800506608835634,-0.2058333086620072
0.044775927234091156,-0.039583080158326636,0.10862617215911201
0.009930815246209068,0.011465099204607547,-0.0035257054751894755
-0.06637482292633845,-0.0024689575331864155,0.019584747576210315
0.06497200880813785,0.010262739737038942,-0.009027662960423398
0.015473860436805298,-0.029455190193460705,0.03439215988095265
0.017042950187764035,0.005096564963292423,0.057606558599889904
-0.018781281986918925,0.007280769555276683,-0.13319787400103433
-0.02732753100753091,0.02533441101649849,0.10750348080088312
-0.01174626256348499,0.008789404434490127,-0.0614724270888693
-0.01038571652162763,-0.013097008857139105,0.0397088387767258
0.014037154912163168,-0.01342792185939242,0.024825809432569984
0.029898509786976578,0.013066108041431405,0.02006135129368666
0.015571639558115961,-0.0009792680369395779,-0.19688485069620731
-0.009345248836090655,-0.026459322059054432,0.08066291218435144
0.011109526741938958,0.0016587092690275008,0.08452899478296388
-0.014046859687683471,0.001989750229502336,-0.003134319895887776
-0.024946820163560292,0.016853897309587484,-0.10192960386526466
-0.057539250161177835,-0.017170534804011997,0.20484848401012676
0.03343099596751754,-0.01876098954363232,-0.24217635368021725
-0.03051751149491342,0.024874220938220608,0.09790879580532176
0.04322753593895898,-0.01626941696327428,0.06902986040724596
0.010738177747186465,0.006899556107269262,-0.04404132251217217
-0.004549937215099566,0.046159913428087014,-0.026568625386189745
-0.01452537163371991,-0.025741336831755054,0.011227224876556505
0.03344403310404906,0.0002046900176113553,0.05380066693823759
0.058121126653856464,0.01700731107145711,0.08077068863843567
0.007078895772079541,-0.03252431067533077,-0.08926363800631773
-0.07434083360521715,-0.018333878081295402,0.04406583043701965
-0.023080790845690452,-0.009435476353961737,0.044452051258173315
0.03225230467346682,0.021051783869467922,-0.12729909823745097
-0.032580346274983824,0.015186457866748278,0.1041707506298242
0.02429290438905754,-0.00039673163988130256,-0.04426221252154053
-0.026986936528447317,0.03244676647994653,-0.1062076047280579
0.002007620234944385,-0.044051465509150685,-0.0007092970300759305
0.022500854519014356,0.015946138784996542,0.01473943280544944
-0.03203855089681812,-0.0022236473842619196,0.07313742947429362
0.0584629090785297,0.008345172924355007,0.0993208768179829
-0.049624646629766025,0.012251598561170845,-0.0935396994987682
0.017363490213319333,-0.008715391094476343,-0.11391874004068392
-0.004393136399316231,0.00308525545317476,0.0851836890914965
0.003536310863385834,-0.006036755132530569,0.005534188180033919
-0.005423964423835148,-0.03003136812744966,0.11739196568173967
0.003214225116061673,0.003357019012800553,-0.06436061892600976
-0.016180514499466926,-0.04070890887040633,0.02277413836677887
0.023252956252101827,0.05871692060338709,-0.11222953772142479
0.0011203536223267697,0.023893315451150504,-0.07630769902289206
-0.0034637630392464745,-0.035339638659899,0.17780939712256447
-0.007849052378334038,0.008205492751634118,-0.13093838181062026
0.03320650337651809,0.02173548811275326,-0.012261683377157247
-0.017286573207301634,-0.03605665863991469,0.002677368787924075
-0.013231513722317598,0.011331668868851903,-0.003078310148656449
-0.04491559906318471,-0.0002575780272692185,0.17357754887471674
0.06312105504115476,-0.011470738902828091,-0.0599870850666931
-0.03351882473547011,0.014946158640122267,-0.06018110546988845
0.08585712663183298,0.003058017131201822,0.13885745573996292
-0.046027054953500526,0.009874690488593258,-0.2008217554984173
-0.02969821221174337,-0.02861441010606429,0.09855377297600114
0.058415966230309604,0.0009263026401923113,-0.10084436613407345
-0.06812170627696056,-0.004220495561093039,0.052793464601137916
0.08265445185640154,-0.034817587313926424,0.010169458264491836
-0.06568610109725129,0.01960588378803731,0.03839077336081747
0.03374482677772248,0.02733332172515631,-0.0033741306535871995
-0.005746527617918732,0.0026758612621260625,-0.057827058092686776
-0.019432740628735366,-0.002905472283646926,-0.0047661885017521045
0.06269856836179645,-0.01726862981620517,-0.12476539413039525
-0.06683569631702074,-0.0036776568995947833,0.30677982803357745
0.03424149599482011,0.01874043543418532,-0.18107484859013487
0.00553342839995044,-0.027081401695737643,-0.0347495436536545
0.021093517996161885,-0.0013049543582882351,0.04301181472963272
-0.11265560334036519,-0.010732407244600646,-0.02502513904091506
0.0450517957115416,0.01944355964543455,0.07483003305461024
0.06178993917986062,-0.00023099185240440078,-0.0718009886216905
-0.01860905739620368,0.018101683620610487,0.02708287930800154
0.021082074170358886,-0.04067303245115338,0.1255703319928743
-0.04474744699514275,0.019183153780346584,-0.10059956277628747
0.022962987874733828,0.040612535365896194,-0.031001690754596092
0.007642504456940013,-0.019462135041802817,-6.174210968912242e-06
0.030848899746710793,-0.013294372462766511,-0.03067553668846518
0.024848204988188075,-0.011079745820571576,0.028374493903242398
-0.05677872040195269,0.02465567571310604,-0.041245933917007
-0.021414009034282307,-0.04045531836893634,0.27285142245962524
0.035883413907173145,0.02457097005846517,-0.24650795474868187
-0.047295016693176414,-0.01132237400238365,0.06849370629302015
0.00810491977158468,0.017245502454131412,0.060323137069792344
0.008671342452930952,-0.004356503922830291,-0.019331556834606953
-0.0042454755092610754,-0.01802383546818917,-0.028768609471005083
-0.04056904197292845,0.033549333350505764,-0.001202930624542713
0.06601080379623897,-0.0200817677157408,-0.08733108685956967
-0.027972881404351307,0.022194577458017548,0.21244629777727903
0.001966012657886034,-0.042279030961934506,-0.19722509179898937
-0.004993274140282318,-0.016996700583541226,0.020813041996793572
0.04722642546900918,0.03793327435289898,-0.19196797141038613
0.019094955931786926,-0.012670406052992949,0.30938398351455915
-0.06532869406128747,0.014951740838691148,-0.15067867695532988
0.0037926698492769884,-0.0215103348375804,0.12342841668367473
0.06423257695253923,0.017521435030752774,-0.08302946193796844
-0.038747543828230084,-0.017793825196829545,0.08621683530774604
-0.05153752832358714,0.018832015677796486,-0.0406458309505878
0.01221035479990106,-0.05157532293860907,-0.09357185780262664
-0.008193258274788517,-0.0015398399529458295,0.10882365190344774
0.0807353439745135,0.03924486507391901,0.08536717110955815
-0.047890714090977914,0.011242364559037342,-0.08634681354456653
-0.01549113944860073,-0.022678314713093322,-0.06975428434695151
0.010510932092567513,0.03603287821118867,0.026070797554863617
0.028026145572540996,-0.025262802887122408,0.05020083753016427
-0.05721951653574146,-0.009597958538166154,-0.08464020388413603
-0.03558578558255305,0.03843491139948259,-0.020440343000361308
0.06810653090343148,-0.045369281167025516,0.025522929472083015
-0.028752293016822136,0.08274278318155652,0.03646410778666906
0.04849935992888429,-0.026169708458494263,0.04738434228907753
-0.013266385338130267,-0.008923513807609957,-0.009859884399088869
-0.0327408554382284,-0.025039985380811383,-0.224949376847393
0.015620365031484318,0.013462690873649468,0.1612975733371947
0.022545809853441602,-0.008478134685122462,-0.0235411043472591
-0.00021313984323039436,-0.025637126465514352,0.026449211199784894
-0.036834720848340025,0.027683319222116615,-0.14179941692469003
0.03432080145717447,0.00958681726236268,0.22837049981222932
0.07987072412788189,0.06365032562903855,0.06538605755557893
-0.08934520194236609,-0.09658583269452255,-0.06176486649425595
-0.022440578317768235,0.027317594789962225,-0.10482231358588122
0.028836880466346845,-0.00890558481491638,0.1630934167897709
0.009165622394375024,0.016930911972854793,-0.0462333723025648
-0.016538251801215997,-0.008591283486655507,-0.17927344601152914
0.01050982378184242,-0.002684835511993864,0.09490592072658931
-0.039982996731858664,0.002197431671315471,0.022648988756687177
0.08915680574712663,-0.0040643566058937534,0.1324209832420107
-0.045084852512652394,-0.0229686295814649,-0.1695069098056225
-0.014208749828332833,0.052875346076862895,0.06623425738320836
0.012554470822321058,-0.021099589569004804,0.0040198369544529825
-0.02656404291555511,0.019096892648489926,-0.11412394300231775
-0.03919590785878579,-0.02995766467491885,0.006321600857006241
0.035867642561288396,-0.048673580734715796,-0.08802641276294633
0.024389984665780334,0.0764427094466604,0.1273811533530074
0.003522797489935946,-0.010974758614693556,0.06020010695034724
-0.004573032775895167,-0.06144599137582127,-0.10636596870006873
0.006332598142648141,0.05013883649628556,0.04096678010633144
-0.04434569363429874,-0.01191725873947755,0.022585992284353054
0.055500381269250984,0.01924978603735095,-0.06669538800631869
-0.0036799435464927653,0.004110679292450783,0.031048659226017912
0.00011239886234416296,0.0029077706470106257,6.495277937426991e-05
-0.029822255569872395,-0.016750991592484228,-0.030230256528105882
0.018378130492788927,-0.029721797654669077,0.007649604675727719
0.035428720882605916,0.018262023527559103,-0.12721562339855116
-0.1216397520015522,-0.0017619103574460838,0.19046326026945756
0.09066608848919624,0.012728965573988234,0.09394106038827336
0.020983741276739683,-0.02250873985974688,-0.24800342539179696
-0.04142257233727302,0.019006356624567608,0.07617817347402689
-0.025620960934806085,0.020439120732983963,-0.08404698289713906
0.013890892752179742,-0.019183166670320988,0.01059834807686956
0.03764705928701283,0.034671838342000855,0.11716506595088266
-0.049461061760505805,-0.047615678143878,0.05534266239793556
0.03481451857590635,0.01742301642002296,-0.0626814566646929
0.06206838908728786,-0.008604096208321406,0.02316797020291501
-0.04867807901983235,0.006491192791777625,-0.08248752311630322
-0.02672384613903839,0.010641179279962215,0.13794304035558774
0.02315437475569442,0.008675904054780243,-0.13452580406548328
-0.06200523875021464,-0.0026252202873486485,0.11591242030260411
0.07360974491016768,-0.03886746215866137,-0.050923397355167675
-0.02213237433503116,0.017823179079940143,-0.008446529582933807
9.078380781887053e-05,-0.007007850684462866,-0.0013986132655198346
-0.00859814556277223,0.006777266892835025,0.11502968418676764
-0.0072158770158848575,0.006659284084941106,-0.0784457429478
0.03635049370676622,-0.0003911024584860101,-0.10213931842966018
-0.03067034520394766,-0.015735080483069465,0.118434348961663
0.015018537047532953,0.01251003118075821,0.07452788682367306
-0.033203183132998304,0.005311585183103302,-0.08961992758852418
0.037688484202371066,0.006302673762037898,0.03476308198661579
-0.02715955148378701,0.013323715955650864,-0.03467835412315478
-0.054704273863084525,-0.03346784339857454,-0.01021494813504167
0.05362434958237415,-0.001656722274184892,0.001075924702685942
0.04018108473735911,0.0037809461261483347,0.0426859030559546
-0.04368504040694152,0.05365727857731045,-0.22741914922282094
0.05079901341279154,-0.05531042399496162,0.1902698597879311
-0.10439573454761758,0.008566815734881984,0.1352968030718058
0.057856448768825286,0.004464477322046321,-0.04742560283048597
0.009376645381025655,-0.0004261879589495443,0.028508681884930418
0.0033584952124799793,-0.013113172766652638,-0.15803868254043618
-0.01034117138196544,-0.006884485975269045,0.09763466343969306
0.035571667500393485,0.013725998341632427,0.06880679965329357
0.0015881258497466577,-0.00858097992116031,-0.0940317106122552
-0.03504678385992502,0.010960709888622055,0.014546464520406205
0.03549644344956437,-0.006964574865159898,0.03797301916251686
-0.007874963317393848,0.008792579250230663,-0.07987594247735894
-0.007871348358852885,0.008875795701602024,0.04295937985131243
0.015332173727665977,-0.014909524237461306,-0.031058600804068418
0.050529949486752074,-0.008653348100397782,-0.09371682177819174
-0.048797895530757265,0.003008528345961574,0.14847980268326857
-0.006527822013693722,0.025169343040723793,-0.12867914767496746
0.01240430423486421,-0.04525961891233333,0.13721642865948339
-0.040957682063594486,0.030315170340550743,0.016062252011856196
0.06266286627119678,0.007881239151373176,-0.03742794879616655
-0.06651752320017296,-0.01746007290351185,0.032725063597229036
0.035430592645093066,0.02340236547471924,-0.02402996944960213
-0.028863336142375174,-0.014876976078623554,0.015643422302322584
0.09544236576516006,-0.006163290579289438,-0.08374563638905563
-0.05007192515133057,-0.015105650696447093,0.03750979672005975
-0.03392066152288276,0.01383311928864927,0.04470448014288772
-0.052302972630943446,0.014180482839962484,0.004574273433195692
0.05377289437945658,-0.014579342339774475,-0.00567207275253524
-0.020966955201085997,0.025510538831599296,0.025925622127231075
0.038514768140423816,-0.03543941905938663,-0.0422824741375039
-0.03391328094356503,-0.00947346311239544,-0.15397827071630435
-0.013607315440639613,-0.01996720649716458,0.1437908960115016
0.043182547676300996,0.026444929676722424,0.04885201221638516
-0.01245163522780512,0.0014128573891666462,-0.002838379875475443
-0.011026360431652123,0.032656209387329736,-0.0172504791605908
0.05606207754047425,-0.02676066296572785,0.002276503647027157
-0.053972770454379704,-0.0013371506672233925,-0.03759019827828149
0.009287596316871196,0.03152280361075707,-0.05831311342807594
-0.003852642235886652,-0.01955940644087219,0.06901293088562549
0.0017439560702280322,-0.013976425627912103,0.02640606054951389
0.021360680895423534,0.014202104852681474,-0.024791079612075877
-0.0013557466050118316,-0.013551573838106314,0.05340402681973325
-0.04151647866204266,0.01845813110639289,-0.09017410679913475
0.10478159936649467,-0.04754133647490345,-0.21424093787820772
-0.056282112374895714,0.022616846786293818,0.20458169665359158
-0.009756322372347748,-0.007302380053369628,0.03757170567382482
-0.06636454445824269,0.03024331706484709,0.09510880825512548
0.040998719452911093,-0.023484076122528938,-0.07640979207649387
0.023974135818718968,0.0360496444423271,-0.04688237732785984
-0.012394507280136273,-0.011938879833298745,0.0545423429019457
0.029645347953678364,0.008069461142395547,-0.013912805981970835
-0.056032294676474456,-0.017448713384402407,-0.04787647163068864
0.031011706678575487,-0.018625486203326106,0.03896755370644391
-0.02344177984067078,0.0022501552816653714,-0.07536893971549868
-0.0009244144821947841,0.053275755642939675,0.10440882744294853
0.019527938179935263,-0.06307918725146483,0.06906158092419216
-0.01650764338688315,0.040743865313277734,-0.06957549751643516
0.040429806909528014,-0.02955766618457323,-0.022458483711785653
-0.0380486852293325,0.01995634041187701,0.020951403773177387
0.03790749109866903,-0.008558495682452679,-0.04545265037715197
0.008941763149720047,0.004260206701128588,-0.015421354073349968
-0.012083501108625145,-0.026034444245520944,0.020895693205742315
-0.012949858738070509,0.03724541173159381,-0.007592578837337697
-0.006219161796008119,-0.00474576430919075,-0.008514231357385195
0.02997248994327488,-0.03669414297476177,0.03530595922774231
-0.014784195649960924,0.014056338249365172,-0.04115267318651677
-0.053211951673171755,-0.009436267072659987,-0.061837658676952116
0.05282834837599823,-0.0002358089143968911,0.12351226050475177
0.007408411411070546,0.016149265517678764,-0.050061800511606885
-0.015588517186384267,0.004693142904409906,-0.000994601882459849
-0.06050466859678355,0.0005567160729500742,0.1319057994405868
0.06059855668333676,0.03241225367274945,-0.11653283321366996
-0.01422208786587137,-0.046321464628496935,0.016928186590871058
-0.018053641449654528,0.05619538129542196,-0.06169722130593804
0.02117120817684369,-0.053618857604233995,0.08932543445557918
-0.018264516762083335,0.040354902451519514,-0.026084289917069972
0.013069046676900198,-0.007771193436533003,0.007068990431694102
0.02061658013071042,-0.027217359270125828,-0.0035520442022254663
0.008718968012463945,0.05349632819058458,-0.03666159822785056
-0.009165049703627864,-0.01573921669681166,-0.006775855432153604
0.028396614361527957,-0.04336177646383552,-0.03180077364403754
-0.11697792602074664,0.0353664808964181,0.0738777574201624
0.06190369970887847,-0.031960745454982294,-0.016560248610700157
0.009829667578468043,-0.0018107152411582562,0.039928751538611695
-0.07128963921463251,0.026482688194392187,-0.09250503921707769
0.0843838909804413,-0.02926617759690876,0.08916439341347066
-0.013951914143960423,0.004646217701475077,-0.057778622871786256
0.01019521279223266,-0.0027507411968070274,0.07111758208177238
-0.01014365301876988,-0.009502319466118738,0.014411476220260235
0.022461261565878257,0.017760361277549243,0.014058926707090733
0.002547990794874535,-0.013703635847434335,-0.05926463982263835
-0.02080704399717843,0.009858867205440207,-0.03994391261544426
-0.007725900020079196,0.03259921375356818,-0.017385278408830463
-0.012252931383541861,-0.03359039740882166,0.012707799294114785
0.005659511622600362,0.024515037942985173,0.094661792706221
0.0044298014058250824,-0.03848980294639969,-0.21384160899273105
-0.0013104761499695495,0.04737005513844494,0.12901789203567737
-0.027168785009532615,-0.025898245500422155,0.06292211929033281
0.03719093003729934,-0.004115522856472565,-0.11976400900253996
0.05278201311194289,0.01544622197569324,-0.04499555164848255
-0.013234533518387485,0.024224281587457666,0.06936308510299992
0.0006840722535635812,-0.028555510485015284,0.13252119521806216
-0.011826914134464905,-0.004742065347906261,-0.20397499321099308
-0.018344306084842055,-0.009274985332166636,0.08951477947154107
-0.04846070186918961,0.02293553489410578,-0.02064373935560134
-0.05245643679320639,-0.01483854724132014,0.08893826286046337
0.12404299845434721,-0.017515319631264122,-0.1306931336597284
-0.044696590180490825,0.037025297497269294,0.06380097547515408
0.04256196306037243,-0.0335278046183476,-0.003996108833347885
-0.054521628428107614,0.027264807033399504,0.01157714242134917
-0.04039984367767553,-0.01864142631170374,-0.0016969796007221393
0.04283475946104314,0.017439309203638776,0.04107559280589168
0.03797008984609536,0.011150538747697778,0.0024176971717554353
-0.040580651222319845,-0.01796325540761531,0.07356054359144133
0.011486331512131902,-0.0007475233408256798,0.026301771388767145
0.0265882314885521,-0.002718368351589584,-0.1489602925861818
0.027530054980220094,-0.03853644107541561,0.004271161243652654
0.0021151635325208674,0.051754492796150214,0.09611665924257824
-0.006303410382599264,-0.02141398163127187,-0.17967252384477578
0.0022702747700667557,-0.011714623038968171,0.16871567559317605
-0.0589107387622953,0.05310478910268845,0.00345941058224728
-0.05137068214783462,-0.020598753212864515,-0.1831068268396156
0.0548442541178035,-0.004450433450480977,0.14243042565927547
0.010668827567703026,-0.020076583900917752,-0.0665924010478429
-0.010362960084154492,0.024350533396238504,0.0694194058964167
0.0052226630982398796,-0.018596590387387237,-0.014734670594091517
0.05960451420749587,-0.0024968749266199453,-0.011718419956696077
-0.12775517675337236,0.0107982480320792,0.15428993633431046
0.035771701795293084,0.01632005554232583,-0.0765015327707507
0.012350887971046666,-0.002158853352411683,-0.06594473006512261
-0.030082325164040368,-0.0193353645948903,0.002944738655744601
0.04758407684611855,-0.004127945630979104,0.05037239003550946
0.007883547996623552,0.010926186456116378,-0.05914917994837365
-0.021905194464064814,-0.003271495165073901,0.035121581852899784
0.02294060304747241,0.030336105448292586,-0.0380599776663257
-0.008456396801516188,-0.0453589780750443,-0.056105211285253365
0.007545662292871591,0.0009221672971279915,0.16391546008001157
-0.005649092483477424,0.005246977288507182,-0.16309656884720472
-0.04737618249284398,0.02544144342938143,0.07496201634818926
0.00488627411963642,0.00940489139522633,-0.11141104048913407
0.011818750447947168,-0.05604220315456788,0.21525989009623445
-0.06491575190791486,-0.002664570805859681,-0.26609239543356017
0.0782438853618744,0.03140540193625568,0.10980027399669373
0.03618835723448489,0.02349725852880745,0.008927716759066567
-0.030540061804564988,-0.04905188977180114,-0.05044290321788246
-0.04312266157167501,0.017088294620865394,0.06590861086785499
0.02703007175906163,-0.09207905153146957,-0.20102871036194
0.038228491556458966,0.07949654710111279,0.32744639590647723
0.07918380229894019,0.04423717568600155,-0.022834462706090585
-0.13804735874200844,0.01883281811154907,0.014466430901938984
0.028503944759592992,-0.07943530048104082,-0.20147124435746888
0.015027501486128778,0.012207461957601744,0.00626648212451741
0.020274540278692958,0.0018183663239906877,0.18327024523308288
-0.004524121427655459,-0.006662536140045967,-0.08463902744933736
-0.07839262696613805,0.009690244339058563,-0.12902575560530619
0.028748196054224757,-0.0043850648770251245,0.14012154677127264
0.03591117025228843,0.05066638577247971,0.017569164568478256
-0.03237653735755833,-0.030370462864849405,0.026785549199600963
0.036259354704317064,0.008713117392832955,-0.12737340540385556
-0.01985044572872168,-0.015177449931077653,0.1538661112915159
-0.006560311713039644,0.01097690480549403,-0.11955578945774527
0.004074509178249772,-0.004147640993605606,0.09444834143467908
0.039486641239597026,-0.036812362204641784,-0.05019824517358934
-0.05170059005922166,0.034141809735475315,0.05204967295851873
0.02418748019345456,-0.0008377833153688208,-0.09282907953392514
0.00958354696742024,-0.0027501851953593715,0.01844651057388969
0.010399376267309215,-0.008379879977131638,0.08811552886395552
-0.014862307847526957,0.012710041497485421,-0.02198005514784972
-0.042032805169973333,0.0063266614720689065,-0.0017534066856527452
0.020382328719629812,-0.017533847296039795,0.02392889020195538
0.026588430407630207,0.025076277474874953,-0.04412749616996638
-0.010550761141935093,-0.06283937479186845,0.04219780218313765
-0.010972877928330642,0.06323681343912295,-0.08003135753444346
-0.009614850437881262,-0.013048430461829862,-0.002764244883335598
0.0018570474519636637,-0.01098924512362882,0.012759609351718985
0.021058851589289173,0.007879948976120108,0.052687022480565664
0.0031953624984197735,0.001060648359215577,-0.023765136483153388
-0.0013225019827064256,0.018585884585536974,-0.0004363529988180925
-0.016926890579477962,-0.019804844184926985,-0.027893073760448427
0.012839196482174098,0.0032930421302241886,0.02104598600851261
-0.0038780601316099617,0.0038221031009923623,0.13872485988453817
0.014907821732022706,-0.01743470763533766,-0.23864167547671528
-0.04736164312784947,0.05443396167849631,0.027333345625592767
0.05666516430504103,-0.06607356228671186,0.07095158980880305
-0.027374025122568944,0.0016912235367072003,0.005022716674754359
0.02785075239861828,0.028323696590071456,-0.0034423707477684662
-0.009886599203882566,-0.002616487682149149,0.027072133832784413
0.0010463677816955064,-0.016020281034687826,0.017270559562255348
-0.04051551440543045,0.0014566337594527211,0.07295609827498216
0.06339691700465978,0.018798853087774545,-0.11456892120578424
-0.029921308418953727,-0.01814219471306579,-0.03233826257838275
-0.03529619986104517,0.01243669127284642,0.07446384102546945
0.05100471972137495,0.012034722219043049,-0.00907600933918065
-0.03300283131319761,-0.005550822611128146,0.04053749160433668
-0.023283751972473246,-0.010605958767988644,-0.07085894202741067
0.01228968297214978,0.021861040151607378,0.09984753567778687
0.0035614342326409964,-0.022943675618898568,-0.08490333769839417
-0.0069731798705694745,-0.019714481093606944,-0.054375841182299794
0.011113512205321615,0.038761687353349464,0.0515008793006896
0.019719745876620218,-0.03488022664559681,-0.005620437513826692
-0.0470216679600616,0.015673289317055233,0.015921023794831
0.0390371051094408,-0.033118084821339835,-0.04041820916311898
-0.007746112418100473,0.02905315954629497,0.03576481858698259
0.008650905226542292,0.0020374234746585616,-0.05346084856016038
0.0027539540274569485,0.03445452140530465,0.10044525783276419
-0.0690052175163786,-0.030831329468282195,-0.004208977275658769
0.10707867280243494,-0.02467018109706415,0.07005506498396269
-0.10050959203980017,-0.18078572839052817,-0.053348321089175046
0.14941406702977664,0.12215351706574096,0.2650773554369142
-0.08863166147662054,0.12227357564805494,-0.2295609998463769
0.001724643622749382,-0.05777875422944538,0.0023150120207817084
-0.02335698440264964,-0.005890625779065797,-0.13792285237206448
0.0547803043570746,0.01906293479998527,-0.009405051207491777
-0.026338387369841464,0.010487171620358601,0.03414767722586924
-0.016214637801881274,-0.024498463966904086,-0.04978669885315085
0.01725303629348157,-0.0004519515637066096,0.002985790165637052
-0.029050153363384235,0.01214100425307187,0.10212530663847907
0.00027108397162880495,-0.010377799785022415,-0.11151770216322054
0.0423427650826216,0.011135482809926475,0.07780600460265302
-0.013293188946618684,0.006013413014514199,0.14458383478054648
-0.01673807466310506,0.06269319115544068,-0.21436566980513436
0.024563744226212717,-0.05376997449991371,-0.04205398324345861
0.02168930699267724,-0.041692454930080995,0.07621660341138674
-0.017839884412767328,0.06506596406975153,0.09616484450140099
0.007209449063564302,-0.028121986375183053,-0.09159337196896969
0.0007183474668775159,-0.010650124710779068,0.012062235639632084
-0.018855018788441792,-0.01654210418152806,0.03585621452090002
-0.0029144700800731193,0.041277071829916585,-0.036237920534790156
-0.04014575876096142,0.03287648408628744,0.05718798011345877
0.09120240525301075,-0.04119994570315624,-0.20397753248444725
-0.037135168521041824,-0.016038717607249,0.22963035315368546
-0.11539739669217201,0.01886192570359908,0.06294590739274819
0.07239369190740512,-0.012714676052772385,-0.3818046750343682
0.051887065850104205,0.039800824543522906,0.26902440238823494
0.02061145945294517,-0.060710556336977535,-0.11832755181195288
-0.002833951536735633,-0.002643703671814528,0.28326690074879485
-0.09668347668260893,0.015106567741694442,0.013707589214770763
0.10007074918646268,0.00947083633106903,-0.072274872325372
-0.04725941466363302,0.03332945780770446,-0.08423315599610731
-0.030663320682858312,-0.050686880977019975,0.02101035023704881
0.03466445074619322,0.00040992977397845463,-0.04891818488307951
0.032978855027607834,-0.003973435411606445,-0.1452491356621951
-0.06082875398620301,0.016481148299870938,0.09751368378362328
0.016780749957327302,0.014690684672222912,0.06333490876008843
-0.07634918435752897,-0.01719180062582197,0.0896843260258656
0.03748067642995315,-0.03736141916818081,-0.33199215467816195
-0.02464238423565623,-0.0007001868830658075,-0.10290173755614365
0.11673355671139278,-0.0024329766002446716,0.05178107518078523
-0.06357309498466245,0.03170557001063204,-0.07636378573392212
-0.0472152983028065,0.004153019811800877,0.09436982389638779
0.005878737009595981,-0.01214572974832235,-0.07458237658082234
0.03164022345531685,0.013610152233472164,0.012916003329601512
-0.0005839459174111638,-0.04485224482548812,0.003437182218085273
0.018432880881096035,0.05906335121584214,0.0684609015714799
-0.0275976182632961,-0.047032300470422665,-0.12402180034805563
0.02677709696936039,0.012962238172087132,0.027568503730800747
0.010563684219772638,0.02483522006135903,0.04788224446528348
-0.05815357757582627,-0.04282435874409806,-0.12289739927558681
0.04385446879886008,0.03572699563845795,0.009506520961388692
-0.01958458010462538,0.012715235921119427,0.11343784920598879
0.03416923163520885,-0.06999397522767895,-0.030821245797190526
-0.021862358923978288,0.0012082358879854916,-0.04309046616848086
-0.028491815290297894,0.049463004804087676,0.15301461813350165
0.002709504526602338,-0.04268366195721237,-0.11414927661190628
0.03856019375969954,0.0180521912832452,0.025859562600521153
-0.041516598395561176,0.03281205174537774,-0.05784019698088505
0.08528376288705149,-0.04303172864681175,0.05755933419524524
-0.09867835519889391,0.03734262558388757,0.008958719174652664
0.0017198847288236985,-0.025283627354896313,-0.027521300534007212
0.05333491581222656,0.016993967276498267,0.030368372843117636
-0.02159627945288643,-0.04010928506623248,0.07620991441174604
0.023688636383956158,0.08609103042313905,-0.16740666349833666
-0.017098530996388563,-0.03592746541528331,0.04080799672378803
0.00590967958196768,-0.010208722516295107,-0.014393064727835974
-0.008037780418144404,-0.04412493934193616,0.05567373612166433
-0.010108513348816057,0.04992539874841496,-0.010272026708861084
-0.025753792309492214,-0.016388005489645998,-0.0035625826376373616
0.0322114357417631,-0.002755805951757875,0.015162231753153255
0.0051553925024103294,-0.016781728777213716,0.007996841693791295
0.003748700161093617,0.03365609751052741,-0.03932210569909937
-0.0020319723093151798,-0.020017511788039746,-0.014159006916458328
-0.05999243960198144,0.013368398465890862,-0.0032487818350653754
0.08341633319318383,-0.018444199104140555,0.05616278675975792
-0.022069644521771847,0.014693044602238423,0.059583759687549434
-0.026393054270863008,-0.015106347153503279,-0.00438074423110077
-0.006883628835066311,0.03195733429068468,-0.15291507530995252
-0.012721522135437353,-0.011407320455369635,0.0002475489129763986
0.028337716786826343,-0.010732268093032018,0.0401453201274766
0.017500905015271847,-0.016420142178922337,0.06089645438362435
-0.004318914157062803,-0.03969062730947495,-0.04074474888673789
0.019803888033623165,0.055399198706051624,-0.0057337254159062125
0.0026558079696666925,-0.0070761197566343095,0.016784995350939066
-0.024753827749520077,0.01172565261921001,-0.0030452345808911385
-0.007751164828833395,-0.02765435535493731,-0.03378161820224572
-0.030717549663089715,0.014047653725377956,0.0041938455551806175
0.05746720803002771,0.005869287396720253,0.06212815840458803
-0.059219517226195464,0.013336269130694358,-0.012477365331085444
0.06954493553839618,0.04282796285979746,0.13226178246458745
-0.07043041193580186,-0.0462626516890661,-0.0406711380988796
0.00395759605927343,-0.006027547053318134,-0.10427508531487158
0.028399436078207146,-0.010755562741126266,-0.007499804786847406
-0.011213317583242377,-0.022965154713636266,0.14407736177982033
0.022164366910259997,0.01705059169604704,-0.1422481071939731
0.06833218114018692,0.06084685742285895,-0.044936580952048784
-0.05310694194690492,-0.024673655374836442,0.0731444959012974
0.00970979836772547,-0.03521098126805981,0.0011638830153354984
-0.05091414523633407,0.023253111643063668,0.06349589699736924
0.03819771914648114,0.00015295664726508562,-0.07018359023665365
-0.11632402789853977,-0.06182103118543749,0.07834759614475414
0.13186769994697545,0.05642946791467903,-0.0667264927274568
-0.036169560904771955,0.0052453507384524305,-0.05288755601940778
-0.01794835630148853,0.050673325155930336,-0.016133953944305474
0.002410999610947775,-0.10288210565696396,-0.04851671208062232
0.040286030742178,0.10416333890345195,0.10374355973028987
-0.03511187572869858,-0.06840318421738795,0.003975548440335741
0.014860723007488,0.003782518349452033,0.020621117873759157
0.01387823708999218,0.00013182738055547816,-0.06719415562345751
-0.020494553231149615,0.011282372666767486,-0.016606658828461997
-0.0019489919291532764,-0.019713713502398863,0.30464598395369835
0.02882487043076018,0.06636195881518489,-0.21577690385781575
-0.024337101160648956,-0.05762657947479305,-0.11959404516621897
0.013903899785767955,0.002089890829082748,-0.09034770513117664
-0.009460610503154459,0.013574474912714286,0.11488194074816759
0.028519145059706034,-0.00016036806950101124,0.02192090240773478
0.0336555176017716,0.0438568143306121,0.017062315408180623
-0.042514113629914474,-0.0657785224386886,-0.006166478395166442
-0.059429436737943805,0.03780148427238521,-0.010222772864022683
0.06406100999265744,-0.01782660787636065,-0.02549897785291128
-0.04650763045686736,0.01115264232399424,0.05115017873203558
0.010035668914865957,0.010107831407015891,0.006444568375838431
-0.0029649178114584183,-0.022764588122842006,-0.04855379823061298
0.01737062847662628,-0.027175739361049195,0.02421409061660494
-0.013545880083916923,0.03860142990571651,0.029781058973729468
-0.031475435888723584,0.005401365498302386,-0.013814135036430359
0.035506280399545086,-0.031490979342895464,0.0020437891311687294
-0.0008366632413926345,-0.0024494428144546275,0.04323622036758806
0.008675765231844445,0.016748386177153077,-0.0632711788886509
0.005748225756527963,-0.014679432745613617,0.080104095854747
-0.026516257782502262,0.022144086601139357,-0.0017106256778656626
0.008701145126443348,0.01140866246787946,-0.057680569586918494
-0.00234805946144901,-0.03889154230271643,-0.030736188788104687
-0.0009059497257778437,-0.012870339279615148,-0.002000567982557806
0.028267379367450943,0.01649858454396922,0.047395882933382365
-0.034420553537052374,0.007357580196316213,-0.02476216002639602
0.029507024009996736,0.005549234497202669,-0.027767805575125242
-0.020167992042087815,-0.0051202355222622845,-0.02810396313162582
-0.007847387170479196,-0.015090675058841123,0.08323818999826978
0.025794863695381257,0.08314118313981615,0.03094251640433006
-0.025494651412395375,-0.057341764169044074,-0.011725238267368985
0.030062751168097215,-0.016725909811555882,-0.07601876548898573
-0.0038864324976505982,0.04521217925192765,0.04044120419179576
0.017513129469689023,-0.041385945614173615,-0.04810718848684182
-0.024904315544340947,0.03296871098842614,0.04328301320973241
-0.0033442487768308086,-0.007079260043340598,-0.030754206544422614
0.003946549225737841,-0.010911292179799581,-0.026692280127825006
0.0025379909212706587,-0.013444720381022658,0.031480451528477144
0.023100229984240727,-0.022017434872391047,0.020666372081442345
0.012918044382614059,0.030220462085328893,0.002699067661825032
-0.08561992804996485,-0.0008660405356946566,-0.06800862095127087
0.03604110414110648,0.04569772419796855,0.1019809050735234
0.031096917367254732,-0.061045680914244525,-0.02776007951464983
-0.009954250900748798,0.025338540066402012,-0.13710909711674052
0.027698259376116263,-0.009185712774260155,0.16606349859700045
-0.0666855346632656,-0.0004677751613172809,0.0445191163258956
0.031812183581430106,0.031934139501839515,0.012644263695204837
-0.02939594170616715,-0.09721215373341627,-0.28323323659229327
0.06488473401960161,-0.013481831729238775,0.04012553394003708
-0.026114497948128063,0.01408411099495492,-0.04545834985514564
-0.017015215127630937,0.007814262590276915,0.031519926483764456
-0.0036985231761507056,-0.010993959094968205,-0.0182186553999959
0.01954231809001104,-0.020882662294417802,0.00082430290839826
-0.02149567663122013,0.042927678923634645,0.00837971419883063
0.0247869850268053,-0.005259858697210733,-0.005546337418121041
0.002507201798419658,-0.020412900511712077,0.01336606602157226
-0.012870345492467565,0.03681041232107885,0.005345631228710256
-0.021059658668024738,-0.04311525029491672,-0.025310781851507164
0.002773929464222149,0.030833074421087805,-0.021094996371683498
0.03517416192875953,-0.01801967466048701,0.039871786083051405
-0.05695829782360013,0.0039364151101027554,-0.06957954906468417
-0.010995948367721553,0.06876788334963446,-0.07285206021716763
0.04747314697907438,-0.05538800316024311,0.1289796959151393
-0.03600077079459669,-0.014238576053181184,-0.016561460245768503
0.03900946616159347,-0.014478510548225527,0.06419145408660415
-0.010213956588473344,0.019368506501126603,0.0018024909232009102
-0.019014040367950368,0.034613286738137926,-0.10887196506214575
0.02244154964892816,-0.042621868288660526,0.00553531837534699
0.01426846929380714,-0.0073399357425380125,-0.04588654723307446
-0.009375246437162263,0.012998717561347429,0.059300796058235045
0.053559242885641185,-0.013149598193632919,0.19704135073726506
-0.07253732410518988,-0.0004655939808303344,-0.19730976332835992
-0.06231642900030554,0.038241910696174095,0.26871054784122517
0.06479417081010759,-0.020404589502799438,-0.4284459646885874
0.03490626437537054,0.024447606521055862,0.37993173545957193
-0.0719179042396063,-0.02239152620928296,0.006428663649171895
0.03989758844268425,0.003987176862467963,-0.28993302474719224
-0.0012774125736165897,-0.019190704702661668,0.25522756028649163
0.02804062645550258,0.022829198630772575,-0.12426376525747403
0.007046525971709912,0.0059370554890120705,-0.022987317085105433
-0.06255923880683886,0.014826125180513135,-0.019608194385048506
-0.0011201633913416576,-0.04086223663793279,0.25797653838405854
0.0173121769503334,0.019427590175525467,-0.16649843864930233
0.07214557692230952,0.03008148193885811,-0.06142120742988803
-0.07554780768760275,-0.041718961152219125,-0.06844124288742266
0.03294386204961917,-0.011944736778708722,0.045383988303863435
0.000819828516853729,0.013384260427808438,-0.02108759594871899
-0.032144106147213095,-0.015876793878732372,0.05806588060914776
0.001399108333832596,0.01213698898619771,-0.09030919763939664
-0.002334220621269556,-0.003937847303815625,0.08244005573711095
0.029389318524511463,-0.012418004454248179,0.019412817441618213
0.043245338454838744,0.12082049702291094,-0.23423623696462564
-0.006224706298974176,-0.12256132728176942,0.2274401680162243
-0.05128079441600804,0.0058135756682844075,-0.059927855480905026
0.04273787933638143,0.01917653834791369,0.03882883650174568
-0.00753338574549959,-0.020154092588089173,-0.07768215358389263
-0.030312511175658727,-0.0019302715292897155,-0.02704222774087281
0.0038305813485437577,0.01822399707062396,0.12686768515077346
-0.1246482553472975,0.10871560866974385,-0.04126534467209309
0.146853259690564,-0.11391262641833137,0.11326185768668129
-0.04690098984116707,-0.007143714602470723,-0.11433649563003812
0.030114519896930165,-0.011184025342075837,-0.03343256870232811
-0.004532977396594617,0.02563657079962952,0.07735574342811426
-0.111253399810184,-0.01786137918511339,0.13420564223034825
0.170763448251166,-0.03788229305635786,-0.04405266348717909
0.010451567556513615,0.05722212513238022,-0.13739115828099774
-0.0577514455204313,-0.007731694782864018,0.22906081722584531
0.04543094830889793,0.012138093247438704,-0.20629558088252714
-0.0429498422952181,0.001978557813743684,-0.08280879062025544
-0.03803482663547222,-0.004569435541116285,-0.007578048028558406
-0.015830265516726158,-0.10727537483319567,-0.014923331769197247
0.03973662187175872,0.11570918270305625,0.01940003721039517
0.02010622489003515,-0.03332856707592615,0.07298081471852615
-0.03891891219418647,0.019711514656036933,0.008266565877832288
0.03838335305434676,0.004464242530637544,-0.029272152875411284
-0.015258004929893623,-0.012132279140829216,-0.006640965613806575
0.014527378343771482,-0.015600959376559018,-0.023338410023129683
-0.03580974911507152,0.03097019366925018,0.34367136911367185
0.00013820933348001108,-0.006065460884349498,-0.3224380399118305
-0.015282186367550082,0.004662328038133427,0.15141968724959048
0.09099360183533164,0.012894389612108807,0.0992347887414526
-0.073363524289933,-0.0011564680227872514,-0.21558592152198647
0.024762835989788394,-0.04160305829774626,-0.1038347284287437
-0.042810653318897975,0.05663990384466697,0.05782765906280272
0.03419843614671666,-0.027560491774125565,0.07072673025176243
0.005410309524747643,-0.004094687572822848,-0.027617858380707717
-0.007585745969479279,-0.016577142164211064,0.014923384098176893
-0.006504794432937971,0.015295108694341,-0.005420805425319326
0.023115908892307083,0.011604141536528587,-0.005379597984893176
0.014773696614422106,-0.020155777291809417,-0.006976931625732803
-0.05142958202067671,0.02781817448057339,-0.069641482430504
0.007455328514238713,-0.0030382428862957946,0.003365046195212855
0.011796452549331546,-0.03192049049386483,-0.04274762889974365
0.012775436538615166,0.0007348103814867013,0.13494142286704966
-0.02682311200537353,0.010282034715173758,0.00010744556588091924
-0.013609167079269966,-0.02288182862083973,-0.1495254333697251
0.010542483318489735,0.037689708902193725,0.09516359466159471
0.08853361814954433,-0.010148131362643049,0.22074342650911052
-0.09036765399543885,0.017381908621468226,-0.19376123652530985
0.037626549621306814,-0.01363707828422367,-0.003172107913400468
-0.02090560141834823,-0.012957036655866174,0.05423556488239374
0.020000051610081435,0.010998741083724789,-0.10840428836545339
-0.0023002811642750466,-0.01809982877747448,0.12049010473895752
0.005467551003944604,-0.0021967427423586305,-0.09622191764298002
-0.03297410117855904,0.03313763450021159,0.029461008791550652
0.0040432989013602086,-0.003469502960197062,-0.0513713821695849
0.026006409280419467,-0.02285806010753027,0.04995010668854277
-0.00974048192370229,-0.003569971208603943,0.01156472730077589
-0.005087697675734756,0.030066997305948105,-0.043461176707410676
0.02914847132320925,-0.005025768499651688,0.036925117986376425
-0.02957497117219051,-0.025211192838204735,-0.001068220805687936
-0.0066891035872510066,0.009583152045087338,0.006333695631598466
0.0022810673165074456,0.058857247977590926,0.056217180709564794
-0.019127264315939262,-0.0780714100110026,0.01892244044554765
0.07803347950574445,-0.013632294741956113,0.15516564858411297
-0.05749838039460649,0.09392963267769472,-0.2324209323662722
0.01726867343429214,-0.07227774053668433,-0.07612187886169323
-0.06090385573007217,0.026621147414678886,-0.0846925756903185
0.10781701793835247,0.005849905634925649,0.21718448139083116
-0.11811599054509686,0.002700102912767708,-0.2483537120715372
0.05352027737275391,0.004038189791935843,0.28191733841542216
0.0075803646628382244,-0.03183266038805598,-0.059324724122580656
-0.011546982639742813,0.02190973033281808,-0.034857732007897234
0.013290924102696713,-0.014743648420733191,-0.027971155567062755
0.03192080998613496,0.004239376587432702,-0.01997132133961539
-0.12734516451730207,0.02914354561210998,-0.0025914384116287616
0.0841473808340651,-0.02029753435139904,0.21395521099521672
0.024217590740099392,0.011770450335413933,-0.20547029143183335
0.06982662299368729,-0.009329806512466447,-0.021470849597501847
0.014804197872101205,-0.041055375793680716,0.08253954315106007
0.061687447262105344,-0.0671537442182796,-0.5021435116851581
-0.0710901886912538,0.06436108590234683,0.4304241186192915
0.0044132414170456255,0.0077694724113054805,-0.028523911413591996
-0.05787319285475011,-0.0781460082658684,0.07523421953039237
0.05107571232781986,0.05491387088361563,0.12555415056434427
0.016778741673436418,-0.038771371454070336,-0.18194544031942514
-0.02449412357388459,0.031587314232021206,-0.30118299147752564
0.03252796312564546,0.022527064651444384,0.3369559886186287
-0.032118696600067026,-0.046267705194367785,-0.22106442029378498
-0.016989672468083764,0.04288455967338559,0.18876185707105284
0.05346311381743132,-0.005172057048441978,0.014913574890868926
-0.013585644740574805,-0.007787327687557877,0.03108146151983222
-0.022949796756251962,0.05576931506505588,0.01653508696573593
-0.04296787798658373,-0.06026694954210697,0.010017773855562719
0.02912537587142948,0.02497985990257594,-0.011001553838575389
-0.07032821998268905,-0.049816667329917304,-0.04651641131160182
0.09709609852980378,0.030743523671719356,0.08760962136351896
0.004635767568993088,0.033351494125511895,-0.07009162383715793
-0.027949900244531155,-0.07260111059818306,-0.006131197838461806
0.03773251564723642,0.04023788151420545,0.004983843007681709
-0.031811086281631165,0.0013171638089139036,-0.0388606346481605
-0.012939058618074005,-0.04325593907791472,0.01573146013284868
0.08955044901330549,0.07916807555733579,-0.18407456880724674
-0.14938571904578613,-0.07283483607267008,0.14203557612428788
0.09116899269460171,0.013992170119516487,0.08447930715583674
-0.04370629514032042,-0.015484861643023463,-0.037421643775103666
0.0016063864683539598,0.024927903684561093,0.014031957904764178
0.009785149185977868,-0.023787900792337488,-0.042875747881405586
0.027432802022352442,0.008736767475967239,0.006242109130732354
0.035857600718633996,0.007135491966231271,0.10350957901967398
-0.018891029362449796,-0.01788630145541352,-0.1534134308336002
-0.03531723593510195,0.03072912250519707,0.08820707093492608
0.02289823622697737,-0.0008525637586803291,-0.004821137152122139
-0.0038547849175747362,-0.006909255102543472,-0.06491280323072812
0.01822641789025408,-0.014018048606958473,0.06914035829050538
-0.12180868560027999,0.03193308725922151,-0.046508499732235704
0.10921890063256773,-0.0315983942579344,0.07230455582432699
-0.022935503835778085,-0.00478948271785784,0.04666805147627902
-0.023838614986929206,0.0019975291872787616,-0.08598176514597387
0.02394009229720998,0.024621648180071842,-0.011005750813423592
0.025593878818119885,0.008475807064363438,0.02530179294424692
-0.0549317626737826,0.009507941266936779,-0.0015236152736192955
0.005794018312538336,-0.018357702972501107,-0.05544410155647453
0.05367191908446861,-0.00038103347524153007,0.07119269886960092
-0.0329921433384313,0.02325372906029312,0.05711265789405337
-0.010680933311530201,-0.04868157296600383,-0.009640301151246273
0.05304109446777712,0.029054682630863395,-0.09685905201791206
-0.009678270688356888,-0.01992688753239886,0.0818710195350205
-0.06449178652483666,-0.005990296089664069,-0.0556844309251421
0.05834211214370123,0.024478659254342144,-0.022223112683105662
-0.028038594648193898,-0.0025252473398283113,0.12480640337712706
0.1193102484098775,-0.0036708676606579437,-0.24093424181488557
-0.12072735031658337,-0.03475669524166625,0.054121466181181875
0.007395861714162093,0.04597626560984645,0.12038919509081512
0.01581283832102557,0.03832314913991606,-0.04969425017841566
-0.014501596476405334,-0.06337554995988551,0.05826629820855277
-0.011589371976398883,-0.0014314888048146824,-0.006446184597787972
0.0842352260034328,0.02616947191072633,0.01885954715530964
-0.05801291567884959,0.007485730554281327,-0.03941628104897974
-0.015696512298978615,0.0025282404965835427,0.03376735690846983
-0.03402779773591051,4.186577995177743e-06,-0.009890700530917522
0.020910006276499173,-0.03856444985596301,-0.04391668786515521
0.03703450014414794,-0.007893379066215216,0.035852045790117054
0.017807293215260638,0.07043383493693929,-0.004893041176118729
-0.019327925162558462,-0.017352578037324554,-0.11015494947739675
-0.01414036570743832,-0.03559034634662202,0.07393546694665401
-0.018520346162019002,-0.008812767808843703,0.02997308233871947
0.03328265434491893,0.016566578360096607,0.006594204123013938
-0.00479631852891234,0.017353722166114468,-0.05892776490431071
-0.03471027468699741,-0.024290542300894113,0.04650571916720974
0.011393308200465961,0.002444692523527721,-0.17147045370382308
-0.0031977856774087253,0.01692016826351292,0.20106336252076681
-0.02979917832913273,0.00890712381635803,0.010307128499340798
0.04450025474091582,0.0023218524159513265,-0.0038629769773344913
0.0369595288849154,-0.0384615870472355,0.004876126957727243
-0.03777932162888771,0.04446446240369557,-0.0583293113319898
0.038408901911578426,-0.0265131771151718,0.06150661966041135
-0.019549805861317552,0.010432580346875043,-0.0009054918689012226
-0.015569207318125854,-0.013626619041925738,-0.11879119121624086
-0.0033869270321487057,0.02819802815012654,-0.0013751220882038217
0.025162966186788305,-0.010379452793071255,0.12917296287845503
0.020657796047382784,-0.05646490901399567,-0.11209290660548747
-0.01795780111764579,0.017921605724719097,0.08296622557508991
-0.013569103619521803,0.007386196517280293,0.025631577744587627
-0.03196180468308368,0.004540915533041385,-0.08769995783940564
0.021353399445335413,-0.013615260845637654,0.01598417117696672
-0.008004040787152621,0.0494784873222223,-0.018912269785052827
0.005152033749663274,-0.040320287112030645,-0.028294811432736447
0.054549946043834965,-0.021955849773066374,0.10863298429603573
-0.054055188757879034,0.04175048808544296,-0.027240265598495572
0.016820533140130624,-0.004554825062449872,-0.1509666524313039
0.004380702844045557,0.011689892750246726,0.27702956417682667
0.0066454377909950365,-0.002409463964513261,-0.3022913986979185
-0.02863366542999907,-0.016189398007237017,0.1515501581568692
-0.013439023499351034,0.021426459878597034,0.016246830072262543
-0.021522509641239,-0.05362215621666442,0.06409413735238426
0.05606703827314931,0.022580111712315016,-0.09456567686462142
-0.002069494188048515,0.04491102966561785,0.021650048825490247
-0.03149468025318143,-0.017202460010157194,-0.00841669082925781
-0.008397507653925265,-0.018372935903764917,-0.12054272851688153
0.07432102742177552,-0.047407542602700165,0.11401028538416653
-0.04044341484835907,0.08489475336750178,0.01875073438918192
0.006585380015910129,-0.011394065148550353,0.18855405994669489
-0.02736408269305395,-0.08979612997025392,-0.2111413503343998
-0.004311130849387767,0.08797492927578655,0.02317946894330683
0.05316855295723776,-0.012134514373440304,0.10488567384093996
-0.029957922077991448,0.007841905357508132,-0.06287921862287513
0.009026479995401928,-0.053547821051777904,-0.057689120129933276
-0.051698899344975756,0.0407222913217429,-0.007866337300542332
0.06647366728020047,-0.0707049513412829,0.1545126388143069
-0.02169869368650422,0.0770433813183224,-0.1858744052908301
0.04088047824426686,-0.018272763876687213,0.02484168039090069
-0.055632164059934236,-0.006206979504005474,-0.0018435404007708777
0.006419927382072581,0.03523891581256938,0.004016776294128128
0.015251948815685017,-0.04655261852488485,-0.0361003227259252
0.020047374714192254,0.015019825233010202,0.005537439587862085
-0.01210994947596947,0.03830276271263711,0.25086035270704216
-0.07611914284411472,-0.040428835196567245,-0.2775207792891501
-0.0271173261135353,-0.02344925621897664,0.058266567546783374
0.0031206833333480267,0.011169177326409851,-0.006473931364369676
-0.031247958810995638,-0.0320561351705291,0.00041178045954660015
0.10005091019989124,0.0032007705568444945,0.18877084805843666
-0.050817309281435505,0.023480934814592444,-0.224432414173971
-0.03879269337195485,0.01185266613267915,0.0011395642338222522
0.020672052106822054,-0.007208317872376071,0.07429098939285624
-0.010086416326863436,-0.00872963574779039,-0.2887783723101618
0.009598557328182555,0.02693390850032789,0.23832974199786086
0.010506105008489551,-0.049999769971711176,-0.1032294471802842
0.05670856923984715,-0.021789875439002966,0.08340229545372732
-0.10266680681089728,0.04290786338054965,-0.029990852315278378
0.03517175953843649,-0.05298774670037337,0.1151312853926759
0.023602321535655744,0.05354441385185714,-0.023593362469555294
-0.011529171168614329,0.009559323609652894,-0.15536068093977107
-0.0042576686537647455,-0.01751088684451096,0.1371138008156265
0.05915432270231477,0.04283269295706086,0.09244564000645311
-0.11671614299883767,-0.05205960219103563,-0.2070853614158171
0.05827048440029583,0.019154975503740346,0.049697037546023726
-0.009443377647436095,0.013574747059866103,0.04442023667865189
0.02885039691248126,-0.044702883871050404,0.09684090277725783
-0.02758897844274029,0.03138841821691149,-0.04352578413631886
0.03816116539620967,0.036137246717694714,-0.03363085200767861
-0.03814158428478278,-0.02377329181545175,0.028677860679733876
-0.02002856252394209,-0.017610010750163347,-0.07065466796514633
0.01642351905841144,0.016584737692077623,0.1249399173714017
0.027949628080961755,-0.021797909518567832,-0.15354553948806812
-0.04732740277825332,-0.012179962156708343,0.09975501043471068
0.07362110198909401,-0.009321122632220291,-0.04251944913572025
-0.03594331270166691,0.045902258074556564,-0.01047620019734568
-0.0016637952270798651,0.00018424081616550848,-0.005435305896860563
-0.042794358247424266,-0.021215206703488726,-0.01723545605030539
0.01631384149860278,-0.0059493956824697046,0.007588735596869238
0.030359690729385606,0.0005678208233802406,-0.018153405369314642
-0.026595913126193135,0.02023974530027149,0.03890509924774811
-0.01581490343286983,0.015444981978059111,-0.04015028618700803
0.00331331031141056,-0.027698072955306838,0.02713140069063595
0.04915365312323645,-0.001997905988205413,0.013761972718495353
-0.02555599305263567,0.023246184232501542,0.07842862758703328
-0.0361211072562843,-0.0015655302559228357,-0.05786881067559266
0.06753881440089146,-0.018468918732029778,-0.07725812495660228
-0.06623262013027625,0.0032161078958295873,0.10126549269157507
0.03921853936273576,0.01015906023253902,-0.09828041001065113
-0.05091653524797356,-0.030673672314437236,0.043138546089889436
0.033380673541997155,0.011645697477794377,-0.022715769909950813
0.0215691389951507,0.010557723668881712,0.0459858245203043
0.0201084407620293,-0.014478886338229397,-0.01468727048079368
-0.03134046025207702,-0.045025577612778776,0.03537700231382804
0.04951221438190574,0.056830124246498956,0.026204015409652257
-0.040149147381289746,0.005330823723233557,0.009708561635506197
0.004012580650952526,-0.01726695210856513,-0.05750976510021721
0.010980585103804579,0.0008368585386678484,0.02387686059921373
-0.004269067824555601,0.025141731319588512,-0.07262844501849725
-0.004120605150289853,0.0021953572159194045,0.017326036541796777
0.018083851828704315,-0.007113120091174836,-0.19539724324890279
-0.050084527269343815,-0.0053508494428565,0.3512518827052247
0.004225090571102752,-0.008663208192986289,-0.08904476796545562
0.012722603209139746,0.009803963531835703,-0.05300032790023852
-0.007269913868480766,-0.016404339092223733,-0.12026524315883297
-0.001587039668882344,0.011061693510987887,0.09191551102369415
0.03402763750513182,0.004675469244953092,-0.0005055780586342529
-0.061495858389601865,-0.022394031725765755,0.013781368561439132
0.06445976091420703,-0.01760047200173382,-0.006503116059888461
-0.019582807697464323,0.06210362882151517,-0.03806499453325494
-0.03782566499232009,0.037071666393178264,0.10899490039535133
0.050611387619158295,-0.044988529278444905,-0.10522685960027363
0.041060542952001094,-0.03607427729027871,0.14475841331032524
-0.04061357136493528,0.0028468954793659405,-0.05070294008883246
-0.014906488478639757,0.006135535356022546,0.00809758367836375
-0.011064530109053915,0.01275324644682306,-0.020161717573982312
0.033075937660848514,-0.0024833889165535973,-0.015649874765130658
0.009206948583984626,-0.020363184086090058,-0.039996584817063675
-0.021606812226852762,0.0035924863004772865,0.12362354750580681
-0.02046701392695124,0.03662608114999934,-0.1702740555504557
0.02798104056511642,-0.028706699729015465,0.12420558523518015
-0.03650249363589966,-0.0009800359539518945,-0.02073612656006027
0.005771858668809617,0.005489954339145009,-0.06813461610693855
0.017852704646291375,0.007111150554812392,-0.05372328356047703
-0.026144790390597927,-0.005728407205359201,0.2236734989436787
0.005946754627630373,-0.005358645990127444,-0.15905605765077688
0.012374204067548996,0.022364171645653467,-0.0013833177002129915
-0.028596700877629378,-0.028150279974093896,0.03022868390024753
-0.011459398735754292,0.022354517828928104,0.1094770565227296
0.04339175901681957,0.010854320036795958,-0.0781101445749976
0.018010646289573478,-0.014275103757738146,-0.05940836833778501
-0.04984297355479295,-0.04421419105518929,0.00914767486526357
0.050103560068622224,0.03961390488884619,0.07050191116938305
-0.05286040458390204,0.018749888766307298,-0.06955786569223676
0.037382943598317404,-0.029563700325501686,0.05286266327274849
-0.02585807579313638,0.04069892090743962,-0.030290100920942076
-0.011664604290314386,-0.027357475207016133,-0.013705799062587305
-0.004202860234919066,0.0030295537622919344,0.0488755151421012
-0.030813410182415443,-0.02206128305263496,-0.12125955751049214
0.04901425105462835,0.0014464579922940678,0.08299957023199792
0.021164166251269805,0.03659791538433649,0.048977772022050524
0.014507819697445,-0.04823542298899869,-0.028423516246762707
-0.04745426689680718,0.022675263747764074,-0.03716221029824178
0.036271888933450486,0.01940216180009955,-0.0356119441250818
-0.02915003483401895,-0.02580202700403654,0.11275716991919162
0.027075572489265037,0.0039216550303584445,-0.09606666844934982
0.004512406996323595,0.002830134459243361,0.04143821722490608
-0.045898143247773075,0.005276056982884247,-0.1346484694008567
0.05541913712598352,0.005644163982936439,0.36712871478915415
-0.029665783501506872,0.004686474996287906,-0.3482651569373637
0.032282999287724205,-0.02386432249752863,0.13861387959563448
-0.02316360656878997,0.0030704091781636224,-0.0984166622357379
-0.012811471340006797,-0.013263918110411908,0.2964678278061951
-0.04322640886427989,0.01129108722045829,-0.3750490482591982
0.10740417770042932,-0.009585554646172873,0.1509228241269502
-0.09366979758541634,0.013904370214267025,0.020358879383019057
0.025890994277869794,-0.012593752223091288,0.19879877453083697
-0.009180660094465685,0.018951336920185895,-0.3288253093630923
0.015498001894713526,0.0318898205694083,0.2313989117984031
0.0371710911808602,-0.0908976664263435,-0.19584379568729698
-0.0091790938267872,0.04913323221301916,0.11510713408960419
-0.03467202379701325,-0.009690108392436714,-0.05210831622260731
-0.011956556453583813,0.0250201862070354,-0.0039952007941910315
0.04144027779921112,0.011807045854002211,-0.007770790940904062
-0.034513888725777875,-0.0134657501537108,0.003298975515844731
0.009904465430191594,-0.008259158826193769,0.023738740007519347
-0.00256432095575021,-0.007414113180891806,0.04114976349114883
0.020419826707103697,-0.011050669889114637,-0.010927325918308108
-0.0055233702872155115,-0.024487484495303847,-0.005700911519706309
-0.07618071843581126,0.009554171840865138,0.25876593556887784
0.028143261978800044,0.0323142104643396,-0.40782361611668155
0.08422791119582172,0.07063446033392042,-0.0013501310204355476
-0.062398423977972024,-0.07924237205881215,0.15819255001942933
0.01588468046495285,-0.012107829189257463,0.012660260061226421
-0.025831808784182505,0.020795662343929155,0.10240486722082393
0.07984399673654702,-0.053558548772492484,-0.1160012168994662
-0.08069014786472087,0.0414510133037795,0.01832200034244424
0.016597018479404778,-0.03784017038767019,0.047179749883405134
-0.04438765047870556,0.08910679755757692,-0.17328957510282553
0.06994834604208122,-0.059633334306724316,0.016531329618725898
-0.08298403788607998,0.008086788128022899,0.17450740026788594
0.10027246437413764,-0.026874594805369387,0.0012474675227810207
-0.07060521751923093,0.09459496872978576,-0.3367658882046703
-0.036746090168522774,-0.07771532813933604,0.3581794536894277
0.08464865182719594,0.06093395441742125,-0.24622671966680618
-0.05582503123886275,-0.026392314798378856,0.1935689470584527
0.033516870571691254,-0.027393546433565542,-0.053114142554060904
0.01829853750731318,0.008502657610880373,0.17167186004472634
-0.03411361931406559,0.006830305175547249,-0.2820614632770576
0.04331663303881413,-0.03332356901453335,0.16183477004642788
0.021318558414611177,0.01506343325115628,-0.16022957601683566
0.021043805169294966,0.006812051811456819,0.0852446980291843
-0.07512513595911084,0.017351762761580253,-0.21038486805095882
0.0032920686325817773,-0.038916605443311755,0.17454018479199526
0.009797017558708765,0.012782808014877576,0.0320631863048604
-0.005834206363593457,-0.01257393400793306,-0.005795603835854659
-0.006238580245334676,0.041590985921028896,0.046924079431664566
-0.06340984500230538,-0.06729595268005537,0.04938101645880349
0.04003001802787805,0.06300099113090027,-0.04071868173946456
0.004100516769638465,-0.02127638433171449,-0.02504722111707455
-0.00257203605661978,-0.01302229139940338,0.0438565337715832
0.025855744757981608,0.03796349233507903,-0.0588361669771854
-0.001000801334812318,-0.011642699797371198,-0.018798119899999605
-0.007703940625705781,-0.028941507619027987,-0.012541693130267895
-0.04603681385922366,0.017532004052649288,0.014952297861906548
0.04776679094251334,-0.002143520714290501,0.04830867243160213
-0.0015269142551864378,-0.05205385520547466,0.25553735084496615
0.0495782011578014,-0.04351724578640461,-0.5185155428947672
-0.03104020034493713,0.09963226297044861,0.08247174425088684
-0.019069203742451288,-0.03508808790021412,0.03437200799411716
-0.002711425928806624,0.02989516777848351,0.21194458373965472
0.014596469999063886,0.01600367484557788,-0.10433080926812212
-0.02679989488197812,-0.024385182856656192,0.010582914451711183
-0.0018918078419242201,0.0032687343192099004,0.007333408723418572
0.09248027664542571,-0.03438724178021228,-0.073032975449195
-0.09153391525072482,0.04390221690040457,0.05511076324141607
0.018276323633769104,0.001575312171373513,0.027955818775198517
-0.03752123159648366,-0.00011109264391401475,-0.07625143728301072
-0.005112050664145631,0.0007155910872606208,0.062350731137418694
0.05713845228014378,-0.012988046625539287,0.04364434321492494
-0.0167714860245668,0.0039281511865950506,-0.06355906738898862
-0.003614078340837541,-0.015838249531142667,0.05968974609202512
-0.01129685380331197,-0.009825109059374566,-0.04342542600927422
0.012458432006441523,0.0038645444699987896,0.033987202410666974
0.022307507958928822,0.029594484658725814,-0.0437519384875272
-0.003691604575029521,-0.015210834655336214,0.05758683872127631
-0.010009541550064647,0.0194492358448258,-0.1280621857266636
-0.019573828975021027,0.005276554774711233,0.1870278340260782
0.0019457907494052585,-0.034612992010590656,-0.10663731843046637
0.013292912579361422,0.019456019513854422,0.001352062799378362
0.00827017564981504,0.01596619762791562,-0.038820821740945165
-0.036663844618018145,-0.02758530874954544,0.09894508879263456
0.08058528528886139,0.01787471763758381,-0.28052237572361904
-0.07124558226491623,-0.030306962931456988,0.30887411013388716
0.03541787930115786,-0.015475132393518711,-0.06323275020872393
-0.006674004342491377,0.03688515008836382,-0.0396104406728133
0.012742303786090078,-0.004711680309106985,-0.03641882572018426
-0.04819085942956973,0.0023061576553817754,0.10648156166502436
-0.02215013730583042,-0.006087710848094136,-0.08081330760474625
0.01885418521630265,0.010624323261266548,-0.031577939505783546
0.030394341613670592,0.011592350519812262,0.047873118073114576
0.02091754422471981,-0.017050191019054264,0.042117476016655
-0.003031421665297678,-0.004641463673885946,-0.06681034670144939
-0.006861102515336465,0.0006323052887239555,0.04161325933305183
0.03152370933993935,0.016329081974966984,0.03939341269685736
-0.0501670224396271,-0.02551198195952006,-0.0675853640180083
0.014768346297463628,0.003233404803484614,0.05542636756833437
0.01011769987330396,0.02076826417828695,-0.08496734217833399
-0.029627957103518225,-0.009612232684353579,0.028301968227669953
0.014657777767409442,-0.021125172787020818,0.03489884627678411
0.008953587537258017,0.029141053177981144,-0.07816522252329502
-0.005794408983214701,0.008668140620136863,0.13605929949653034
-0.019633009369004195,-0.01856478755055708,-0.04219495615442897
0.015439535162918494,-0.004126521168981787,-0.050310695303445285
-0.008372611104726504,0.02642958755005173,0.09029975550645312
-0.0020711144623203216,-0.03193025516465406,-0.15450498872268983
-0.00480136455173533,0.00688510219040456,0.1919568767625039
0.011383358179932287,-0.037138511605275475,-0.13058062783570995
-0.0012379711511237845,0.061048403901191844,0.06390906679817511
-0.00666577666712526,-0.020889695528990327,-0.0012723736082287762
-0.005058395758705569,-0.0030505473862656985,-0.005778447906543817
-0.003686128598583629,0.033503455474505124,-0.022680117628200488
0.07261107327399807,-0.016813982657982073,-0.059066461628401956
-0.034905821332501835,-0.004785987905641882,0.11361152475516628
-0.006911336597482764,-0.007012996676035539,-0.14273676357481974
0.0115637224132958,-0.0037935491304973822,0.10453780744517839
-0.03461892215148314,0.0213881184657272,-0.05794546099749068
0.022214476432905972,-0.0034015535686350695,0.011920405718422096
0.017565404790123265,0.001983352951033295,-0.10992556485588934
0.0012991642039657503,0.025695010656960483,0.24322571338066026
-0.09369710346413555,-0.0279655076752102,-0.154824879763416
0.11287938180187895,-0.010985070962996729,-0.02526959268810867
-0.02941575296342047,0.008737168784729778,0.07837722134571981
-0.04449646831619814,-0.012175042112254158,-0.009495167141166565
0.015332899919933451,0.02188753719183677,0.0053882459863065614
-0.01825527954539203,-0.02481906367581537,-0.04472831600252139
0.03658222667585327,0.0058080745743274145,0.061182407518672745
-0.03866120230441299,-0.06771504384727339,-0.009351424693914687
0.0014049857999883031,0.030771098601016185,-0.043955380208388364
0.04166852064987749,0.04266764284701312,0.008629521684613888
-0.0025093374232966537,-0.014290160569123361,0.009882681536288311
-0.0017401713739635771,-0.0040038789557334375,-0.004901458045241007
0.033931670820402014,0.026774572097785186,0.020640096258082486
-0.03601539674324524,-0.021556665968853875,-0.042856232360336956
-0.004737268400465049,0.037821481379667427,0.10972504426111417
-0.0446150086374195,-0.06448556818551929,-0.09777047183277204
0.012781471639457767,-0.015322295992747925,0.050449910194661454
-0.0005408896519003559,-0.006963070899173196,0.03040240128196328
-0.016122705932517897,0.01944179325104123,-0.0390655942377627
0.029220275466074114,0.0031465390214440525,-0.02601001111034032
-0.006178433526171467,-0.010731706564734425,0.055152287666624146
-0.052663379267973515,0.022042533469543883,-0.014436552671495026
0.03527997179648562,-0.03777879861168168,0.04356269126044331
-0.0013437456279062187,-0.003961744412485518,-0.07815711927007037
0.017940887181015455,0.0061603552467251535,-0.1312932592536853
-0.045336219977445004,-0.004678928662467463,0.30247921962843655
0.031479516208428385,0.028806591648638902,-0.2564649456232779
-0.08567777706127545,0.06052640181622618,-0.15979934930475218
0.08820133381076194,-0.07508667401846832,0.3990159312088455
0.004319696989987809,-0.010167075424865262,-0.2795620680071718
-0.00806822909214943,-0.006827895796239538,0.24926060388792248
-0.06898641180929099,0.030793769641495893,-0.08520428779513024
0.06566236902454524,-0.024514036709933382,-0.029481555033619246
-0.011598894029428047,0.0224850145276349,0.038767101292020295
-0.006104689693839309,-0.008543658795757976,-0.0029491784639549246
-0.008249280287843932,-0.0171209803159664,-0.0011164496903899046
-0.008115320462469317,0.0341072294288121,0.012323686118372708
0.08000148256942743,-0.012576757223843353,-0.0443395470231731
0.04653119447840412,-0.006033378499942756,-0.05130010528287994
-0.12300898766755243,0.006254093927709441,0.03832516818977406
-0.027922803638996987,-0.017704622188661725,0.02621825648697242
0.02488535489050697,0.011314347493860852,-0.008446897009295516
0.018615450051066736,0.010272549747215342,0.004069843819952339
-0.0030920235501652325,-0.030424924977310926,0.004333040158382195
0.026467324464861382,0.029325181542402615,0.014752206912761528
0.0001651838517663784,-0.01569661238006798,-0.01698570246196052
0.0027044451405878254,-0.0004970787844273694,-0.014044503306272701
0.01931898528813335,0.014605933873643036,0.0755032927005662
-0.05191008133735335,6.035623946827329e-06,-0.07165168012632338
-0.009597423839868861,0.008888460372589809,-0.08140470487982629
0.029267499753177204,-0.03771327572578516,0.12769334680462027
-0.007342832375483146,0.013805469008540391,-0.04391799900158696
-0.021681383145626492,0.007247848740475007,0.013524948687122213
0.03461488819523533,-0.019969567527310682,-0.0785304677873321
-0.008025973096116523,0.018868469024510358,0.04481128874287117
0.02151475311539751,-0.013023367702930102,0.012486705044539175
0.005014997924289815,0.0378444148474081,0.01207630841499716
-0.022201987404811635,-0.027459130609411055,-0.021273168010926442
0.014936343975078975,-0.005019486539605946,0.0944793603547692
-0.013403461978654486,0.015736557554549203,-0.06950022000047884
0.01833148510890351,0.009575853114558353,-0.04128514266633012
-0.03283173902236078,0.0008249148216704594,0.12189172985614029
0.03043648840611141,-0.03327255916228337,-0.059742626045961915
-0.036431982292415524,0.010948034025729329,-0.05386594418629237
0.05947442942366381,0.029898022580742444,0.033027952169669736
-0.06577649657806049,-0.03145333903934421,0.022755351860955973
-0.006091167854752175,-0.004470934489559664,-0.03878001948847568
0.0032456895960353816,-0.028028081305821972,0.04303108071241675
0.05236750014769341,0.04255824804108336,0.1413775445340595
-0.042151638510744306,-0.028173521777307576,-0.18530130317075585
-0.04624559072848077,-0.017154883822594575,-0.006562374014750261
0.013837621126349014,0.06757967743465682,-0.06364713827269453
0.08730684612524087,-0.02226309958314957,0.06327011104401209
-0.05818718731656009,-0.005502040124314647,0.05755818448660446
0.014096549494934139,-0.01321868141082069,-0.018415347095766654
0.036885563544551365,0.020321932796538364,0.0124065453619949
-0.08002043858719578,-0.017503456781705555,0.0004195321915996608
0.06356124817348344,0.02351555771632856,-0.047078133215549406
-0.014580659846015219,-0.014601366607895745,0.0070326195253228
0.0016669691646541906,0.0015401598266134365,0.07628208977139729
0.007904034720846442,0.0009644801030047389,-0.08466434190558036
-0.028719728998030502,0.00892090679035559,-0.12628913754423926
0.01760509985337646,0.004724014596655595,0.11088283100099179
-0.02474524299913659,-0.026038805221616244,-0.01318117581972435
-0.046631204973795796,0.008034454056700361,-0.07284063986181152
0.08691680652564919,-0.004502153551070549,0.14872438583492267
0.021357894367238804,-0.004463640279448642,-0.09765106845728423
-0.029654936127162267,-0.11217347923868616,0.18949146087882213
0.015063460784511823,0.13330180495801383,-0.0734169451212899
-0.019986818444532387,-0.0046759691532704565,-0.045937113581523054
0.012305812592474524,0.0009294852211284721,-0.04094133461412506
-0.031510890265752954,0.010188042193283372,-0.008187078658351568
-0.01253040334844452,-0.031699194018841054,0.028817407318835322
-0.02304311309966741,0.0283744056788818,-0.1083540818116094
0.014070669913477891,-0.011753715463099574,0.18121397479403029
0.04253378284306906,0.008562424674749635,-0.01838484116351144
0.035601454673109705,0.0020287531485074697,-0.08738334820082626
-0.06644436798161946,-0.017617734122387887,0.04959938424210374
0.02479474885437142,-0.0011471967744113964,0.01383402592988995
0.0045010540459598306,0.0010008382540677152,0.03825346496288563
-0.016025992085231904,0.004448320718425629,-0.012362059261520479
0.02030469587374679,0.008309969321860917,-0.0629476908438462
-0.012228409591368793,-0.00967397448671111,-0.007991040897701203
-0.07890988223594772,-0.002084254563980803,0.06746150683288882
0.06897158566991583,0.005087610532534086,-0.029647352762103826
-0.002024183774466999,0.011022864072918056,-0.07855030269607793
0.017309401937043053,-0.008090498061247321,0.0049740414386765155
-0.012123811573348776,-0.010640596150732087,0.14591445609955048
0.029152194069153686,0.007737074756723441,-0.051700226342861824
-0.040286386474538166,0.018375339375209503,-0.035377699607573664
0.005783134887205086,-0.011043817975173262,-0.001667119480186159
0.03238284423035262,-0.016812053510866426,0.010818978448553515
0.0023251690814238392,0.06015279470487032,0.014163275526286849
-0.027737411724134232,-0.04445164318524655,-0.03380120831735414
0.0230147444395076,-0.0035667401409187425,0.0020183444265973825
-0.0074790442807327094,0.022116007829450623,0.06421199356080518
-0.0033376983731545616,-0.022034707865684115,-0.0511291904043059
-0.00386070035680667,0.0099376193699739,-0.012581569172058472
-0.004109965231828914,-0.01445252996476265,-0.031039915266076364
0.004070051957019061,0.0087091508398042,0.06506228301909839
0.016707632898532828,0.015309059188542262,0.0929203152008563
-0.011571247250599886,-0.03587957495617989,-0.1675149922107084
-0.03940151050799856,0.022635973105319156,0.058768826863183105
0.05187383491764899,0.012723030135469746,0.04001689874125433
-0.023302159191053134,-0.035440411516040056,0.010222632228175923
-0.01770807051418798,0.04735941301641986,-0.086540105640902
0.03502990744470065,-5.983283973334252e-06,0.07169552458842644
-0.04185645916313702,-0.020233877951535594,-0.06312594546671522
0.024303112049314856,0.005199919303935827,0.07163913757460952
-0.0023786016296108827,0.0066068701615322216,0.02136537126428151
-0.013162059647244347,-0.012932280161614731,-0.0668928040992583
-0.014621299096669467,0.03070377531956854,-0.03395582833624065
0.017170584717904093,-0.03657177255481808,-0.011263895696448376
0.009037367920407078,0.004742530972133934,0.061871976079181046
0.007832105164808999,0.027132393293013236,0.03621437420695668
-0.01821808570668896,-0.01198414103239017,-0.03177727768804982
